0 768 392
1 929 946
2 157 589
3 1429 263
4 1045 777
5 975 881
6 969 67
7 1731 191
8 357 592
9 31 138
10 1718 838
11 887 708
12 1572 345
13 1890 44
14 658 358
15 1047 391
16 75 501
17 1762 1069
18 935 528
19 531 889
20 475 985
21 1861 771
22 1253 1044
23 528 581
24 427 643
25 784 331
26 1297 193
27 293 1064
28 363 496
29 1507 215
30 432 39
31 393 91
32 1573 765
33 297 339
34 119 853
35 425 719
36 1235 52
37 855 913
38 1513 720
39 780 177
40 1488 781
41 65 550
42 732 143
43 1264 935
44 1412 453
45 701 1009
46 992 123
47 93 608
48 733 444
49 612 713
50 1713 684
51 1464 583
52 619 227
53 942 676
54 1307 698
55 1353 996
56 1419 130
57 226 475
58 1577 984
59 910 1006
60 833 700
61 1539 1043
62 1281 808
63 542 631
64 429 223
65 1131 763
66 209 933
67 343 945
68 257 450
69 39 489
70 1165 337
71 1142 649
72 313 865
73 155 477
74 419 825
75 69 400
76 97 243
77 820 994
78 544 826
79 492 304
80 1617 987
81 1221 861
82 1591 535
83 589 102
84 1641 88
85 1402 880
86 1354 1048
87 17 57
88 736 198
89 774 845
90 1019 268
91 1906 116
92 1153 1027
93 1282 518
94 385 570
95 1530 468
96 1627 1024
97 1847 1025
98 1478 735
99 430 317
100 680 25
101 193 384
102 170 929
103 722 916
104 671 1056
105 837 387
106 1889 341
107 476 1022
108 194 79
109 1143 979
110 1348 584
111 1500 35
112 1850 962
113 602 458
114 995 240
115 536 152
116 1133 858
117 24 688
118 844 877
119 1867 433
120 617 937
121 794 571
122 104 1062
123 575 333
124 729 840
125 1222 574
126 1301 330
127 753 286
128 1605 94
129 869 51
130 406 773
131 756 951
132 1347 939
133 679 241
134 934 282
135 1073 710
136 1303 990
137 1102 217
138 779 606
139 88 1028
140 222 305
141 763 27
142 611 417
143 1547 402
144 151 298
145 399 24
146 40 1023
147 247 365
148 1774 80
149 1722 48
150 704 378
151 1858 244
152 1671 226
153 26 299
154 1707 476
155 1752 992
156 893 510
157 383 168
158 1114 30
159 281 56
160 66 757
161 1420 949
162 463 898
163 174 252
164 326 806
165 431 1029
166 1602 274
167 1074 668
168 555 257
169 1034 975
170 499 525
171 302 16
172 1359 354
173 1039 615
174 638 111
175 986 670
176 1111 805
177 1645 750
178 230 785
179 1205 729
180 517 687
181 1809 336
182 1390 100
183 1647 134
184 737 352
185 545 972
186 1406 798
187 596 142
188 1300 738
189 1808 183
190 630 981
191 1741 504
192 822 455
193 1558 629
194 252 590
195 160 1018
196 307 702
197 242 124
198 1459 965
199 1579 480
200 1144 405
201 1705 511
202 1793 43
203 1743 368
204 1598 641
205 1663 364
206 1908 1060
207 579 652
208 1245 158
209 1724 250
210 812 784
211 928 202
212 1753 957
213 956 601
214 970 370
215 1048 126
216 283 499
217 1749 622
218 309 1005
219 1317 656
220 152 754
221 1856 633
222 802 675
223 246 673
224 831 99
225 411 915
226 445 137
227 777 527
228 312 745
229 646 284
230 508 233
231 1510 642
232 1076 609
233 801 1034
234 306 129
235 637 64
236 530 436
237 1628 34
238 1474 1026
239 894 562
240 573 373
241 1192 508
242 593 787
243 332 170
244 1198 439
245 1836 37
246 1668 530
247 865 132
248 455 689
249 1690 810
250 1493 531
251 1894 184
252 1438 547
253 1266 293
254 1110 693
255 1091 172
256 1506 343
257 1058 917
258 1471 1067
259 1356 406
260 1183 893
261 1260 465
262 712 413
263 838 505
264 1311 371
265 841 751
266 1437 53
267 1271 714
268 1042 461
269 990 794
270 1615 309
271 1024 655
272 1179 72
273 840 162
274 144 131
275 771 801
276 676 60
277 961 742
278 314 242
279 1004 842
280 694 802
281 217 828
282 904 886
283 725 1059
284 515 63
285 999 974
286 248 543
287 1841 832
288 1070 558
289 604 903
290 1534 15
291 145 416
292 683 139
293 682 324
294 1634 896
295 1112 548
296 1326 851
297 481 393
298 214 231
299 1136 114
300 486 651
301 1892 953
302 1166 187
303 32 967
304 83 204
305 1509 897
306 1232 523
307 22 521
308 1616 175
309 265 770
310 740 549
311 925 630
312 514 1000
313 898 926
314 516 485
315 395 481
316 827 552
317 678 752
318 18 872
319 386 255
320 213 604
321 1077 796
322 1050 871
323 648 907
324 1608 948
325 1481 289
326 1798 932
327 356 627
328 1799 429
329 1206 159
330 1185 940
331 442 760
332 351 133
333 826 236
334 381 677
335 361 297
336 407 964
337 1667 645
338 828 817
339 918 61
340 764 1007
341 495 110
342 653 473
343 897 789
344 765 218
345 1376 721
346 664 678
347 1097 65
348 1195 669
349 1639 246
350 274 908
351 674 941
352 1433 1051
353 1633 517
354 687 618
355 1688 614
356 873 216
357 324 912
358 1566 148
359 344 38
360 203 758
361 731 697
362 260 87
363 541 1063
364 1389 277
365 1006 18
366 1430 381
367 1797 149
368 1821 593
369 861 420
370 367 363
371 1899 722
372 1770 856
373 782 464
374 948 1033
375 1895 237
376 1543 515
377 570 21
378 493 716
379 398 1008
380 760 1055
381 408 1068
382 1678 846
383 1135 287
384 1465 394
385 412 536
386 198 715
387 718 281
388 114 23
389 1805 484
390 618 587
391 858 982
392 30 22
393 130 705
394 380 874
395 268 995
396 212 867
397 1079 1071
398 1529 165
399 1785 568
400 1568 288
401 1736 308
402 1574 586
403 401 419
404 569 296
405 1729 424
406 504 952
407 1777 306
408 328 529
409 1265 85
410 186 565
411 955 422
412 1904 901
413 253 270
414 264 807
415 428 595
416 1580 211
417 1848 683
418 154 640
419 245 1037
420 38 1073
421 1231 229
422 967 29
423 470 934
424 592 1002
425 705 969
426 43 357
427 1878 870
428 61 663
429 1490 92
430 1912 503
431 609 36
432 1254 613
433 1662 928
434 1796 818
435 1284 1070
436 1691 1065
437 1148 923
438 51 616
439 235 32
440 1174 249
441 1733 575
442 1609 580
443 1113 959
444 724 623
445 1022 707
446 1395 648
447 1596 844
448 1554 820
449 1315 125
450 959 254
451 1523 776
452 1259 849
453 1383 171
454 1138 369
455 1766 169
456 1403 1013
457 1469 847
458 1786 266
459 930 712
460 1365 795
461 1160 703
462 1164 834
463 71 875
464 526 768
465 1243 399
466 554 732
467 1792 718
468 1460 638
469 1664 426
470 1099 884
471 785 68
472 1276 50
473 1461 136
474 105 292
475 317 89
476 1827 873
477 920 411
478 895 325
479 128 956
480 1824 115
481 561 456
482 446 380
483 691 709
484 292 205
485 78 128
486 1780 894
487 458 95
488 790 900
489 1626 786
490 101 545
491 254 326
492 1355 685
493 112 62
494 362 1014
495 1364 546
496 1230 914
497 1613 454
498 1697 922
499 610 311
500 535 105
501 1100 478
502 1673 775
503 1152 585
504 472 355
505 55 90
506 335 674
507 1735 878
508 461 829
509 567 421
510 1411 310
511 672 864
512 159 862
513 286 635
514 1810 219
515 1085 427
516 1028 178
517 852 316
518 1789 767
519 643 761
520 539 544
521 708 657
522 1501 814
523 110 483
524 1209 120
525 1306 265
526 163 522
527 1335 157
528 1784 1031
529 703 572
530 294 390
531 1607 377
532 917 121
533 1801 634
534 450 502
535 1407 839
536 54 179
537 1453 351
538 1502 569
539 1665 40
540 120 1004
541 647 822
542 1018 1074
543 792 259
544 532 338
545 1217 617
546 972 469
547 368 739
548 1723 743
549 68 279
550 1445 494
551 839 647
552 1675 694
553 1886 666
554 1215 314
555 1011 407
556 1571 103
557 1381 950
558 1612 728
559 1883 467
560 1392 340
561 1532 854
562 1537 958
563 1910 793
564 1296 591
565 1126 442
566 1434 736
567 1084 276
568 490 597
569 857 1054
570 1840 924
571 1299 925
572 860 833
573 184 17
574 236 182
575 1497 682
576 1527 81
577 1764 222
578 158 797
579 1694 577
580 752 726
581 1834 389
582 713 41
583 795 119
584 1053 835
585 397 383
586 1672 471
587 1242 1010
588 204 983
589 650 636
590 1337 512
591 1128 516
592 1761 815
593 1101 998
594 689 440
595 1846 329
596 1196 1046
597 1363 850
598 953 792
599 210 520
600 660 181
601 27 791
602 185 156
603 311 576
604 501 174
605 64 55
606 1361 474
607 334 980
608 796 955
609 1336 772
610 1859 560
611 436 431
612 916 749
613 1127 188
614 1278 556
615 1405 599
616 595 498
617 365 804
618 1727 780
619 1227 800
620 1059 301
621 1656 588
622 1520 432
623 282 671
624 1279 403
625 1682 973
626 804 744
627 1466 180
628 331 1053
629 150 220
630 588 961
631 1008 366
632 1708 140
633 1256 976
634 1715 644
635 448 538
636 1706 1020
637 1342 253
638 644 540
639 1584 26
640 1813 966
641 924 1066
642 91 971
643 102 679
644 1545 228
645 951 988
646 1549 895
647 1737 96
648 1635 701
649 977 176
650 1687 98
651 645 434
652 747 665
653 453 190
654 1439 812
655 149 347
656 880 359
657 621 185
658 1041 19
659 1435 695
660 883 291
661 329 401
662 360 77
663 1652 321
664 81 824
665 1298 887
666 23 910
667 1010 322
668 997 1035
669 1207 993
670 1119 620
671 223 639
672 989 621
673 651 397
674 16 104
675 333 457
676 1404 214
677 854 600
678 540 213
679 1903 573
680 1564 667
681 1823 524
682 1155 492
683 1711 342
684 1495 479
685 1548 49
686 190 437
687 95 332
688 1692 196
689 1331 905
690 667 991
691 1062 1039
692 1458 902
693 896 155
694 1684 396
695 1178 766
696 1244 361
697 62 315
698 1755 33
699 1020 101
700 179 195
701 373 534
702 503 799
703 941 346
704 1651 811
705 734 239
706 819 42
707 1811 680
708 1065 232
709 1327 74
710 1054 84
711 1013 930
712 132 1040
713 278 868
714 634 1058
715 164 690
716 20 430
717 1109 1052
718 121 374
719 1462 28
720 939 164
721 1594 909
722 750 70
723 1344 31
724 1251 199
725 815 610
726 1868 809
727 1636 624
728 189 1038
729 1516 300
730 987 509
731 1098 313
732 233 731
733 1021 493
734 115 160
735 1393 759
736 998 563
737 1372 619
738 100 740
739 1106 353
740 1134 73
741 550 54
742 471 863
743 1900 415
744 1783 367
745 698 537
746 1450 234
747 938 899
748 491 443
749 321 280
750 1292 628
751 1541 997
752 1201 395
753 1319 553
754 566 918
755 692 93
756 889 446
757 1758 661
758 1093 109
759 295 947
760 244 414
761 1379 441
762 111 447
763 1872 526
764 1632 855
765 1851 285
766 1212 267
767 1825 258
768 1560 724
769 922 470
770 416 283
771 585 203
772 1177 612
773 1268 672
774 1312 1030
775 479 260
776 19 650
777 1170 290
778 1007 747
779 549 506
780 371 206
781 1703 295
782 584 821
783 1012 59
784 1854 723
785 1338 445
786 72 704
787 1432 774
788 814 189
789 981 711
790 1002 449
791 1864 1072
792 136 911
793 746 879
794 45 831
795 927 859
796 49 245
797 728 764
798 1081 753
799 1424 418
800 564 582
801 156 86
802 89 927
803 937 566
804 730 482
805 1576 1047
806 601 533
807 79 462
808 690 490
809 1304 428
810 1669 891
811 1852 488
812 1739 1041
813 1398 691
814 1116 256
815 1229 762
816 1763 539
817 1408 20
818 620 662
819 1368 904
820 108 408
821 1180 542
822 1400 554
823 1771 122
824 1582 412
825 1234 706
826 1519 262
827 1649 194
828 1884 989
829 1029 1011
830 834 275
831 1431 658
832 1907 848
833 392 318
834 654 596
835 1874 97
836 141 264
837 1855 200
838 1386 507
839 1030 221
840 1498 379
841 98 782
842 829 350
843 642 1021
844 21 741
845 1896 625
846 523 272
847 1614 1061
848 1630 349
849 296 466
850 1275 127
851 978 944
852 1159 150
853 1038 344
854 1366 209
855 608 261
856 1535 557
857 1352 312
858 702 186
859 598 748
860 1826 452
861 582 869
862 237 970
863 1518 118
864 954 836
865 366 1049
866 1237 653
867 1538 362
868 616 843
869 1654 1057
870 1056 519
871 1492 931
872 1117 146
873 1388 382
874 1499 607
875 512 857
876 1262 251
877 1631 664
878 277 238
879 1873 594
880 1828 790
881 879 756
882 1442 999
883 912 375
884 1370 66
885 759 117
886 586 1050
887 1512 1019
888 372 919
889 546 1015
890 1094 388
891 1676 161
892 1640 555
893 980 303
894 1670 273
895 1425 167
896 1772 460
897 409 144
898 1909 1016
899 798 425
900 1853 145
901 322 491
902 1220 486
903 606 356
904 15 561
905 506 1045
906 147 46
907 275 734
908 350 852
909 1902 302
910 1191 212
911 885 83
912 370 978
913 1172 112
914 1822 755
915 1125 725
916 240 890
917 571 692
918 107 108
919 1593 696
920 1913 376
921 877 632
922 337 323
923 1447 448
924 525 385
925 165 968
926 200 348
927 415 876
928 270 151
929 118 816
930 460 626
931 707 882
932 1044 737
933 103 892
934 636 153
935 803 866
936 870 1017
937 1681 733
938 830 943
939 1829 78
940 911 235
941 1016 883
942 1067 963
943 1258 888
944 863 541
945 1197 360
946 178 827
947 1108 921
948 211 269
949 1914 75
950 1546 320
951 1384 135
952 394 611
953 903 659
954 1781 603
955 468 58
956 1066 197
957 1241 435
958 473 564
959 467 788
960 960 106
961 280 423
962 1812 294
963 1291 230
964 440 977
965 1329 210
966 1090 841
967 1219 960
968 454 463
969 417 681
970 902 830
971 1017 532
972 466 225
973 1145 224
974 1036 578
975 1773 404
976 1750 699
977 117 646
978 1748 920
979 1814 1012
980 1586 803
981 800 495
982 1870 372
983 1092 513
984 498 906
985 1339 717
986 129 567
987 1569 936
988 1064 1001
989 1533 598
990 1659 1003
991 1717 986
992 1320 813
993 900 602
994 1603 141
995 183 113
996 1578 247
997 1485 248
998 1269 769
999 1161 438