0 491 323
1 661 999
2 1491 172
3 1550 940
4 101 473
5 278 607
6 1727 741
7 386 448
8 1720 987
9 1039 241
10 470 968
11 1127 579
12 1087 725
13 1835 1001
14 1098 93
15 1179 703
16 1748 995
17 1214 724
18 398 910
19 461 413
20 1497 745
21 1650 688
22 932 867
23 91 806
24 1103 283
25 801 156
26 161 211
27 1635 628
28 485 515
29 1440 890
30 1406 664
31 463 351
32 1651 125
33 1809 911
34 1558 402
35 695 215
36 1172 776
37 106 700
38 916 582
39 1680 54
40 1331 800
41 1070 280
42 385 554
43 1463 874
44 455 527
45 72 367
46 769 233
47 1002 692
48 650 105
49 809 812
50 1266 431
51 653 171
52 788 75
53 1031 771
54 1275 999
55 979 172
56 708 970
57 507 793
58 1230 381
59 50 445
60 67 699
61 496 599
62 1216 500
63 1804 947
64 1370 378
65 1145 418
66 1291 147
67 412 416
68 1626 657
69 1744 351
70 648 357
71 1456 613
72 466 150
73 1732 544
74 257 55
75 1170 856
76 277 553
77 519 200
78 806 787
79 979 704
80 909 349
81 909 317
82 569 342
83 830 949
84 1441 524
85 1677 889
86 1186 855
87 828 950
88 1834 421
89 1185 943
90 1248 192
91 1432 662
92 1124 560
93 300 299
94 1146 475
95 71 289
96 99 544
97 1830 452
98 893 253
99 567 347
100 892 656
101 250 240
102 1026 970
103 1491 842
104 832 907
105 1585 127
106 1173 753
107 1613 419
108 59 798
109 809 422
110 1441 543
111 1362 446
112 865 944
113 459 824
114 200 103
115 1618 298
116 1498 668
117 899 290
118 1850 243
119 618 413
120 298 330
121 1496 193
122 1205 298
123 1498 641
124 1387 928