0 491.000000 323.000000 19 94.868332 19 94.868332 31 39.597980 82 80.280754 99 79.699432 77 126.146736 114 364.802673
1 661.000000 999.000000 56 55.226807 56 55.226807
2 1491.000000 172.000000 121 21.587032 121 21.587032
3 1550.000000 940.000000 8 176.377441
4 101.000000 473.000000 59 58.180752 59 58.180752 96 71.028160
5 278.000000 607.000000 76 54.009258 76 54.009258
6 1727.000000 741.000000 21 93.477272 21 93.477272
7 386.000000 448.000000 19 82.764725 67 41.231056
8 1720.000000 987.000000 16 29.120440 16 29.120440 63 93.037628
9 1039.000000 241.000000 24 76.550636 24 76.550636 41 49.819675 55 91.438507
10 470.000000 968.000000 18 92.455391 18 92.455391
11 1127.000000 579.000000 92 19.235384 92 19.235384
12 1087.000000 725.000000 15 94.593872 15 94.593872 36 99.126183 47 91.181137 53 72.470680 106 90.443352
13 1835.000000 1001.000000 16 87.206650 33 93.680305
14 1098.000000 93.000000 66 200.412079
15 1179.000000 703.000000 12 94.593872 12 94.593872 17 40.816662
16 1748.000000 995.000000 8 29.120440 13 87.206650 8 29.120440
17 1214.000000 724.000000 15 40.816662
18 398.000000 910.000000 10 92.455391 10 92.455391
19 461.000000 413.000000 0 94.868332 7 82.764725 0 94.868332
20 1497.000000 745.000000 103 97.185387 103 97.185387 116 77.006493
21 1650.000000 688.000000 6 93.477272 6 93.477272 27 61.846584 68 39.204590
22 932.000000 867.000000 112 102.068604
23 91.000000 806.000000 108 32.984844 108 32.984844
24 1103.000000 283.000000 9 76.550636 9 76.550636 90 171.189957
25 801.000000 156.000000 46 83.384651 46 83.384651 52 82.036575
26 161.000000 211.000000 101 93.605553 101 93.605553
27 1635.000000 628.000000 21 61.846584
28 485.000000 515.000000 44 32.310989 44 32.310989 61 84.717178
29 1440.000000 890.000000 43 28.017851 43 28.017851 124 65.215027
30 1406.000000 664.000000 71 71.421288 71 71.421288 91 26.076809 123 94.831429 40 155.309372 43 217.598251 11 291.660767 17 201.156662
31 463.000000 351.000000 0 39.597980
32 1651.000000 125.000000 39 76.694199 39 76.694199 105 66.030296
33 1809.000000 911.000000 13 93.680305
34 1558.000000 402.000000 107 57.567352 107 57.567352
35 695.000000 215.000000 46 76.157730 51 60.827625
36 1172.000000 776.000000 12 99.126183 75 80.024994 86 80.230919
37 106.000000 700.000000 60 39.012817 60 39.012817 18 359.672058 23 107.056061 113 374.145691 113 374.145691 61 402.865997
38 916.000000 582.000000 100 77.794601 100 77.794601
39 1680.000000 54.000000 32 76.694199 32 76.694199
40 1331.000000 800.000000 89 204.364868 54 206.729294
41 1070.000000 280.000000 9 49.819675
42 385.000000 554.000000 44 75.026665
43 1463.000000 874.000000 29 28.017851 29 28.017851
44 455.000000 527.000000 28 32.310989 42 75.026665 28 32.310989
45 72.000000 367.000000 59 81.043198 95 78.006409
46 769.000000 233.000000 25 83.384651 35 76.157730 25 83.384651 98 125.602547 14 357.548584 109 193.186432
47 1002.000000 692.000000 12 91.181137 79 25.942244
48 650.000000 105.000000 51 66.068146
49 809.000000 812.000000 78 25.179358 78 25.179358 104 97.744568
50 1266.000000 431.000000 58 61.611687 58 61.611687 62 85.211502 111 97.164810
51 653.000000 171.000000 48 66.068146 35 60.827625
52 788.000000 75.000000 25 82.036575
53 1031.000000 771.000000 12 72.470680
54 1275.000000 999.000000 124 132.608444
55 979.000000 172.000000 9 91.438507
56 708.000000 970.000000 1 55.226807 1 55.226807
57 507.000000 793.000000 113 57.140179 113 57.140179
58 1230.000000 381.000000 50 61.611687 50 61.611687 65 92.703827 122 86.683334
59 50.000000 445.000000 4 58.180752 45 81.043198 4 58.180752
60 67.000000 699.000000 37 39.012817 37 39.012817 108 99.322708
61 496.000000 599.000000 28 84.717178 78 362.552063 109 359.580322 56 427.299652 100 400.081238 94 661.721985 119 222.441010
62 1216.000000 500.000000 50 85.211502 94 74.330345
63 1804.000000 947.000000 8 93.037628
64 1370.000000 378.000000 111 68.468971 121 223.832520 34 189.525726 115 260.583954
65 1145.000000 418.000000 58 92.703827 24 141.382462
66 1291.000000 147.000000 90 62.241467 90 62.241467
67 412.000000 416.000000 7 41.231056
68 1626.000000 657.000000 21 39.204590 3 293.027313 85 237.539474
69 1744.000000 351.000000 118 151.327454 88 114.017540
70 648.000000 357.000000 119 63.529522
71 1456.000000 613.000000 30 71.421288 30 71.421288 84 90.255196 110 71.589104
72 466.000000 150.000000 77 72.862885 77 72.862885
73 1732.000000 544.000000 6 197.063446
74 257.000000 55.000000 114 74.518456 114 74.518456
75 1170.000000 856.000000 36 80.024994 89 88.283630
76 277.000000 553.000000 5 54.009258 5 54.009258
77 519.000000 200.000000 72 72.862885 72 72.862885
78 806.000000 787.000000 49 25.179358 49 25.179358
79 979.000000 704.000000 47 25.942244
80 909.000000 349.000000 81 32.000000 81 32.000000 98 97.324203 117 59.841457
81 909.000000 317.000000 80 32.000000 80 32.000000
82 569.000000 342.000000 70 80.411446 0 80.280754
83 830.000000 949.000000 104 42.047592 112 35.355339
84 1441.000000 524.000000 71 90.255196
85 1677.000000 889.000000 85 0.000000 8 107.018692 6 156.217804 33 133.820770
86 1186.000000 855.000000 36 80.230919
87 828.000000 950.000000 104 43.185646
88 1834.000000 421.000000 97 31.257000 97 31.257000
89 1185.000000 943.000000 75 88.283630 54 106.000000 102 161.276154 22 264.168518
90 1248.000000 192.000000 66 62.241467 66 62.241467
91 1432.000000 662.000000 30 26.076809
92 1124.000000 560.000000 11 19.235384 11 19.235384
93 300.000000 299.000000 101 77.336922 120 31.064449
94 1146.000000 475.000000 62 74.330345
95 71.000000 289.000000 45 78.006409
96 99.000000 544.000000 4 71.028160 120 292.227661 76 178.227386 60 158.268753
97 1830.000000 452.000000 88 31.257000 88 31.257000
98 893.000000 253.000000 80 97.324203
99 567.000000 347.000000 0 79.699432
100 892.000000 656.000000 38 77.794601 38 77.794601
101 250.000000 240.000000 26 93.605553 93 77.336922 26 93.605553
102 1026.000000 970.000000 112 163.085861
103 1491.000000 842.000000 20 97.185387 20 97.185387
104 832.000000 907.000000 83 42.047592 87 43.185646 49 97.744568
105 1585.000000 127.000000 32 66.030296
106 1173.000000 753.000000 12 90.443352
107 1613.000000 419.000000 34 57.567352 34 57.567352 69 147.597427 73 172.586212 84 201.516754 27 210.154709
108 59.000000 798.000000 23 32.984844 23 32.984844
109 809.000000 422.000000 65 336.023804
110 1441.000000 543.000000 71 71.589104
111 1362.000000 446.000000 64 68.468971 50 97.164810
112 865.000000 944.000000 83 35.355339
113 459.000000 824.000000 57 57.140179 57 57.140179
114 200.000000 103.000000 74 74.518456 74 74.518456 48 450.004456
115 1618.000000 298.000000 105 174.155106
116 1498.000000 668.000000 20 77.006493
117 899.000000 290.000000 80 59.841457
118 1850.000000 243.000000 39 254.206604
119 618.000000 413.000000 70 63.529522
120 298.000000 330.000000 93 31.064449
121 1496.000000 193.000000 2 21.587032 2 21.587032
122 1205.000000 298.000000 58 86.683334
123 1498.000000 641.000000 30 94.831429 116 27.000000 68 128.996124
124 1387.000000 928.000000 29 65.215027