0 367 257
1 1778 473
2 1271 761
3 979 704
4 813 532
5 1649 359
6 116 762
7 204 63
8 1725 74
9 885 795
10 1449 516
11 1534 314
12 1066 415
13 1365 344
14 794 373
15 387 55
16 1082 198
17 868 243
18 549 656
19 1504 872
20 1280 293
21 263 539
22 1018 928
23 1317 138
24 723 602
25 735 534
26 634 911
27 312 261
28 1705 742
29 999 131
30 1646 446
31 891 764
32 1282 905
33 388 347
34 733 956
35 463 974
36 599 823
37 1389 826
38 1800 986
39 858 669
40 523 812
41 1776 704
42 1844 139
43 653 708
44 1654 77
45 915 582
46 626 520
47 1301 254
48 216 631
49 114 984
50 1708 133
51 1335 543
52 565 90
53 353 669
54 568 485
55 520 149
56 1448 61
57 456 150
58 55 871
59 598 975
60 1637 394
61 532 865
62 1501 940
63 1713 640
64 498 911
65 1287 569
66 74 668
67 1536 950
68 991 965
69 1078 125
70 354 854
71 1291 710
72 1378 621
73 1459 707
74 1410 259
75 1161 426
76 339 1008
77 849 580
78 1734 770
79 1004 209
80 741 217
81 304 763
82 1805 61
83 182 431
84 1631 679
85 1186 768
86 1154 625
87 1135 525
88 1125 603
89 485 948
90 309 974
91 1603 1003
92 1418 1020
93 1399 887
94 94 369
95 1391 973
96 441 90
97 978 125
98 1557 864
99 1024 696
100 1399 912
101 1106 233
102 1288 759
103 604 955
104 1057 725
105 1147 79
106 1471 134
107 1027 325
108 729 262
109 1159 532
110 1716 338
111 1255 440
112 1617 222
113 1237 960
114 1473 933
115 1734 98
116 293 447
117 203 370
118 1480 267
119 969 110
120 1548 740
121 925 435
122 1327 654
123 1386 130
124 381 319
125 381 742
126 976 322
127 609 887
128 1819 172
129 1204 295
130 1294 739
131 188 1008
132 1242 265
133 1107 104
134 1781 289
135 1178 716
136 1074 731
137 325 596
138 1751 256
139 1758 544
140 407 652
141 892 451
142 489 102
143 1308 959
144 899 988
145 1029 510
146 851 202
147 1721 454
148 916 904
149 1233 444
150 1732 584
151 271 954
152 1726 164
153 740 378
154 688 866
155 622 262
156 1325 131
157 107 901
158 273 993
159 451 813
160 889 667
161 434 770
162 81 76
163 1466 793
164 282 646
165 1108 699
166 382 540
167 727 225
168 919 961
169 1030 865
170 1658 888
171 1111 659
172 998 455
173 1341 776
174 469 497
175 398 371
176 132 419
177 1367 784
178 198 604
179 341 178
180 757 370
181 348 545
182 1308 756
183 1628 464
184 431 880
185 606 307
186 1025 262
187 946 329
188 586 333
189 1357 204
190 1189 535
191 1468 157
192 499 510
193 838 84
194 180 175
195 995 662
196 534 893
197 683 615
198 959 206
199 1366 250
200 1550 435
201 1652 866
202 546 59
203 1289 788
204 1755 278
205 774 782
206 411 900
207 1051 132
208 650 321
209 1359 793
210 1458 230
211 1257 999
212 1064 517
213 1521 334
214 1239 580
215 250 490
216 132 765
217 528 65
218 85 912
219 1187 315
220 219 1010
221 1475 73
222 1119 357
223 1723 969
224 1270 537
225 932 797
226 979 890
227 1159 158
228 1306 74
229 1763 83
230 1602 932
231 1627 418
232 758 293
233 550 499
234 1552 705
235 1217 420
236 1485 662
237 1759 1007
238 127 390
239 83 729
240 575 940
241 595 935
242 1586 446
243 1454 832
244 758 155
245 1525 974
246 486 272
247 1618 672
248 115 505
249 1360 57