0 367.000000 257.000000
1 1778.000000 473.000000
2 1271.000000 761.000000 102 17.117243 130 31.827662 203 32.449963 102 17.117243 130 31.827662 203 32.449963
3 979.000000 704.000000 225 104.201729 31 106.508217
4 813.000000 532.000000
5 1649.000000 359.000000 110 70.213959 112 140.687592 204 133.405396 152 209.652100
6 116.000000 762.000000 216 16.278820 216 16.278820
7 204.000000 63.000000
8 1725.000000 74.000000 115 25.632011 115 25.632011
9 885.000000 795.000000 31 31.575306 31 31.575306
10 1449.000000 516.000000 200 129.468140 242 153.847321 51 117.153748 72 126.751724 236 150.372864
11 1534.000000 314.000000 213 23.853722
12 1066.000000 415.000000
13 1365.000000 344.000000
14 794.000000 373.000000
15 387.000000 55.000000
16 1082.000000 198.000000
17 868.000000 243.000000 187 116.103401 107 178.899414 14 149.586090 232 120.830460 80 129.634094 244 140.868729
18 549.000000 656.000000
19 1504.000000 872.000000
20 1280.000000 293.000000
21 263.000000 539.000000 215 50.695168
22 1018.000000 928.000000
23 1317.000000 138.000000 156 10.630146 156 10.630146 47 117.098251 132 147.492371 227 159.260788 105 179.947220
24 723.000000 602.000000 25 69.050705 4 114.017540 77 127.906212 43 127.027557 205 187.085541 39 150.711639
25 735.000000 534.000000
26 634.000000 911.000000 127 34.655445 127 34.655445
27 312.000000 261.000000
28 1705.000000 742.000000
29 999.000000 131.000000 97 21.840330 97 21.840330
30 1646.000000 446.000000 183 25.455845 231 33.837849 183 25.455845 231 33.837849
31 891.000000 764.000000 9 31.575306 9 31.575306
32 1282.000000 905.000000 143 59.933296 211 97.267670 211 97.267670 209 135.915421 37 133.003754 95 128.471786
33 388.000000 347.000000 124 28.861740 175 26.000000 124 28.861740 175 26.000000
34 733.000000 956.000000 154 100.623062 26 108.747414 59 136.330475
35 463.000000 974.000000 89 34.058773 89 34.058773
36 599.000000 823.000000 40 76.791924
37 1389.000000 826.000000
38 1800.000000 986.000000
39 858.000000 669.000000 160 31.064449 160 31.064449 45 104.009613 141 220.635452
40 523.000000 812.000000 161 98.412399 159 72.006943
41 1776.000000 704.000000
42 1844.000000 139.000000
43 653.000000 708.000000
44 1654.000000 77.000000
45 915.000000 582.000000
46 626.000000 520.000000
47 1301.000000 254.000000
48 216.000000 631.000000 178 32.449963 178 32.449963 137 114.481438
49 114.000000 984.000000 218 77.620872
50 1708.000000 133.000000 44 77.794601 115 43.600460 191 241.197021 221 240.601334 210 268.158539 118 264.461731
51 1335.000000 543.000000
52 565.000000 90.000000 202 36.359318 55 74.202423 142 76.941536
53 353.000000 669.000000
54 568.000000 485.000000 233 22.803509 233 22.803509
55 520.000000 149.000000
56 1448.000000 61.000000 221 29.546574 221 29.546574
57 456.000000 150.000000
58 55.000000 871.000000
59 598.000000 975.000000 103 20.880613 103 20.880613 89 116.180893
60 1637.000000 394.000000 231 26.000000 231 26.000000
61 532.000000 865.000000 196 28.071337 196 28.071337
62 1501.000000 940.000000 114 28.861740 114 28.861740 186 828.408142
63 1713.000000 640.000000
64 498.000000 911.000000
65 1287.000000 569.000000 224 36.235340
66 74.000000 668.000000
67 1536.000000 950.000000 245 26.400757 245 26.400757
68 991.000000 965.000000
69 1078.000000 125.000000 207 27.892651 207 27.892651
70 354.000000 854.000000
71 1291.000000 710.000000 130 29.154760 130 29.154760
72 1378.000000 621.000000
73 1459.000000 707.000000
74 1410.000000 259.000000
75 1161.000000 426.000000
76 339.000000 1008.000000
77 849.000000 580.000000
78 1734.000000 770.000000 41 78.230431 63 131.685226 150 186.010757 139 227.270767
79 1004.000000 209.000000
80 741.000000 217.000000 167 16.124516 167 16.124516
81 304.000000 763.000000 125 79.812279 53 106.004715 164 119.050407 151 193.829819 90 211.059235
82 1805.000000 61.000000
83 182.000000 431.000000 117 64.513565 176 51.419842
84 1631.000000 679.000000 247 14.764823 247 14.764823
85 1186.000000 768.000000
86 1154.000000 625.000000
87 1135.000000 525.000000 109 25.000000 109 25.000000
88 1125.000000 603.000000 212 105.437187 145 133.660019 86 36.400551 171 57.723480 135 124.811859
89 485.000000 948.000000 35 34.058773 35 34.058773 64 39.217342 196 73.661385
90 309.000000 974.000000 76 45.343136 206 126.015869 158 40.706264
91 1603.000000 1003.000000 237 156.051270 38 197.732147 223 124.723694 230 71.007042 170 127.475487
92 1418.000000 1020.000000
93 1399.000000 887.000000 100 25.000000 100 25.000000
94 94.000000 369.000000
95 1391.000000 973.000000 100 61.522354 114 91.235954 245 134.003738 92 54.203320 91 214.112122
96 441.000000 90.000000
97 978.000000 125.000000 29 21.840330 29 21.840330 119 17.492855 119 17.492855
98 1557.000000 864.000000 19 53.600372 243 107.856384 163 115.420967 120 124.326187 84 199.251099 28 191.801987 78 200.412079
99 1024.000000 696.000000
100 1399.000000 912.000000 93 25.000000 93 25.000000
101 1106.000000 233.000000 222 124.679588 219 115.260574
102 1288.000000 759.000000 2 17.117243 2 17.117243 130 20.880613 182 20.223749 203 29.017237 130 20.880613 182 20.223749 203 29.017237
103 604.000000 955.000000 59 20.880613 59 20.880613 240 32.649654 241 21.931713 240 32.649654 241 21.931713
104 1057.000000 725.000000 136 18.027756 136 18.027756
105 1147.000000 79.000000 133 47.169907
106 1471.000000 134.000000 191 23.194826 191 23.194826
107 1027.000000 325.000000
108 729.000000 262.000000
109 1159.000000 532.000000 87 25.000000 87 25.000000 190 30.149628 190 30.149628
110 1716.000000 338.000000
111 1255.000000 440.000000 149 22.360680 149 22.360680
112 1617.000000 222.000000
113 1237.000000 960.000000
114 1473.000000 933.000000 62 28.861740 62 28.861740
115 1734.000000 98.000000 8 25.632011 8 25.632011 229 32.649654 229 32.649654
116 293.000000 447.000000
117 203.000000 370.000000 94 109.004585 27 154.149277 194 196.351730 162 318.308014
118 1480.000000 267.000000
119 969.000000 110.000000 97 17.492855 97 17.492855 193 133.555237 146 149.626205 17 167.002991
120 1548.000000 740.000000
121 925.000000 435.000000 172 75.690155
122 1327.000000 654.000000 65 93.941475
123 1386.000000 130.000000
124 381.000000 319.000000 33 28.861740 33 28.861740
125 381.000000 742.000000
126 976.000000 322.000000 187 30.805843 187 30.805843
127 609.000000 887.000000 26 34.655445 26 34.655445
128 1819.000000 172.000000
129 1204.000000 295.000000 219 26.248810 219 26.248810
130 1294.000000 739.000000 2 31.827662 71 29.154760 102 20.880613 2 31.827662 71 29.154760 102 20.880613 182 22.022715 182 22.022715
131 188.000000 1008.000000 220 31.064449 220 31.064449 49 77.794601
132 1242.000000 265.000000 20 47.201694
133 1107.000000 104.000000 69 35.805027 16 97.267670 101 129.003876
134 1781.000000 289.000000 204 28.231188 204 28.231188
135 1178.000000 716.000000 165 72.034714 85 52.611786 136 105.076164
136 1074.000000 731.000000 104 18.027756 104 18.027756 169 141.039001 113 281.087189 32 271.182587
137 325.000000 596.000000 21 84.219948
138 1751.000000 256.000000 204 22.360680 204 22.360680
139 1758.000000 544.000000 1 73.763138 147 97.308784 183 152.643372 236 297.410492 10 310.266022
140 407.000000 652.000000
141 892.000000 451.000000 121 36.674240
142 489.000000 102.000000 96 49.477268 57 58.249462 246 170.026474
143 1308.000000 959.000000
144 899.000000 988.000000 168 33.600594 168 33.600594
145 1029.000000 510.000000
146 851.000000 202.000000
147 1721.000000 454.000000
148 916.000000 904.000000 168 57.078892 68 96.674713 22 104.785492 34 190.244583
149 1233.000000 444.000000 111 22.360680 111 22.360680 235 28.844410 235 28.844410
150 1732.000000 584.000000
151 271.000000 954.000000
152 1726.000000 164.000000 128 93.343452 42 120.619232 50 35.846897
153 740.000000 378.000000 180 18.788294 180 18.788294
154 688.000000 866.000000
155 622.000000 262.000000
156 1325.000000 131.000000 23 10.630146 23 10.630146
157 107.000000 901.000000 218 24.596748 218 24.596748
158 273.000000 993.000000 220 56.612720
159 451.000000 813.000000 70 105.309067 81 155.270737
160 889.000000 667.000000 39 31.064449 39 31.064449
161 434.000000 770.000000
162 81.000000 76.000000
163 1466.000000 793.000000
164 282.000000 646.000000
165 1108.000000 699.000000
166 382.000000 540.000000 181 34.365681 181 34.365681
167 727.000000 225.000000 80 16.124516 80 16.124516
168 919.000000 961.000000 144 33.600594 144 33.600594
169 1030.000000 865.000000
170 1658.000000 888.000000 201 22.803509 201 22.803509 98 103.812332
171 1111.000000 659.000000
172 998.000000 455.000000 12 78.892334 195 207.021744
173 1341.000000 776.000000 177 27.202942 209 24.758837 177 27.202942 209 24.758837
174 469.000000 497.000000 192 32.695564 192 32.695564 175 144.627106 166 97.046379 140 166.940109 18 177.991577 197 244.376755 24 274.847229
175 398.000000 371.000000 33 26.000000 33 26.000000
176 132.000000 419.000000 238 29.427877 238 29.427877
177 1367.000000 784.000000 173 27.202942 173 27.202942 209 12.041595 209 12.041595
178 198.000000 604.000000 48 32.449963 48 32.449963
179 341.000000 178.000000
180 757.000000 370.000000 153 18.788294 153 18.788294
181 348.000000 545.000000 166 34.365681 166 34.365681
182 1308.000000 756.000000 102 20.223749 130 22.022715 102 20.223749 130 22.022715
183 1628.000000 464.000000 30 25.455845 30 25.455845
184 431.000000 880.000000 206 28.284271 206 28.284271
185 606.000000 307.000000 188 32.802441 188 32.802441
186 1025.000000 262.000000
187 946.000000 329.000000 126 30.805843 126 30.805843
188 586.000000 333.000000 185 32.802441 185 32.802441 208 65.115280 54 153.062073 46 191.230225 153 160.440018 108 159.655884 174 201.457199
189 1357.000000 204.000000
190 1189.000000 535.000000 109 30.149628 109 30.149628 214 67.268120
191 1468.000000 157.000000 106 23.194826 106 23.194826 74 117.337120 199 138.032608 189 120.540451 123 86.330757 249 147.186951
192 499.000000 510.000000 174 32.695564 174 32.695564
193 838.000000 84.000000
194 180.000000 175.000000 7 114.542572 179 161.027954 0 204.188644 15 239.267639 15 239.267639
195 995.000000 662.000000 3 44.944408 99 44.687805
196 534.000000 893.000000 61 28.071337 61 28.071337 36 95.524864
197 683.000000 615.000000
198 959.000000 206.000000
199 1366.000000 250.000000
200 1550.000000 435.000000
201 1652.000000 866.000000 170 22.803509 170 22.803509
202 546.000000 59.000000 217 18.973665 217 18.973665
203 1289.000000 788.000000 2 32.449963 102 29.017237 2 32.449963 102 29.017237
204 1755.000000 278.000000 134 28.231188 138 22.360680 134 28.231188 138 22.360680
205 774.000000 782.000000
206 411.000000 900.000000 184 28.284271 184 28.284271
207 1051.000000 132.000000 69 27.892651 69 27.892651 29 52.009613 79 90.210861 198 118.067780
208 650.000000 321.000000
209 1359.000000 793.000000 173 24.758837 177 12.041595 173 24.758837 177 12.041595
210 1458.000000 230.000000
211 1257.000000 999.000000
212 1064.000000 517.000000
213 1521.000000 334.000000 11 23.853722 11 23.853722
214 1239.000000 580.000000 71 140.014282 88 116.297035
215 250.000000 490.000000 116 60.811184 116 60.811184 248 135.830780 83 90.027771
216 132.000000 765.000000 6 16.278820 6 16.278820 239 60.802959
217 528.000000 65.000000 202 18.973665 202 18.973665
218 85.000000 912.000000 157 24.596748 157 24.596748 58 50.803543 216 154.330811
219 1187.000000 315.000000 129 26.248810 129 26.248810
220 219.000000 1010.000000 131 31.064449 131 31.064449
221 1475.000000 73.000000 56 29.546574 56 29.546574
222 1119.000000 357.000000
223 1723.000000 969.000000
224 1270.000000 537.000000 111 98.152939 75 155.569916 13 215.113922 213 322.815735 5 418.718292
225 932.000000 797.000000 226 104.201729 148 108.189651
226 979.000000 890.000000
227 1159.000000 158.000000
228 1306.000000 74.000000
229 1763.000000 83.000000 115 32.649654 115 32.649654 82 47.413078
230 1602.000000 932.000000
231 1627.000000 418.000000 30 33.837849 60 26.000000 30 33.837849 60 26.000000
232 758.000000 293.000000
233 550.000000 499.000000 54 22.803509 54 22.803509
234 1552.000000 705.000000
235 1217.000000 420.000000 149 28.844410 149 28.844410
236 1485.000000 662.000000 73 51.971146 234 79.611557 122 158.202408
237 1759.000000 1007.000000
238 127.000000 390.000000 176 29.427877 176 29.427877
239 83.000000 729.000000 66 61.660358 48 165.205933
240 575.000000 940.000000 103 32.649654 103 32.649654 241 20.615528 241 20.615528
241 595.000000 935.000000 103 21.931713 240 20.615528 103 21.931713 240 20.615528
242 1586.000000 446.000000
243 1454.000000 832.000000
244 758.000000 155.000000 155 173.046234 52 203.651657
245 1525.000000 974.000000 67 26.400757 67 26.400757
246 486.000000 272.000000 188 117.136673
247 1618.000000 672.000000 84 14.764823 84 14.764823
248 115.000000 505.000000
249 1360.000000 57.000000 156 81.859634 228 56.612720