0 1329.000000 675.000000
1 851.000000 802.000000 370 3.605551 54 39.204590
2 389.000000 788.000000
3 1070.000000 749.000000
4 737.000000 394.000000 391 9.433981 391 9.433981
5 1376.000000 955.000000 179 109.931801 488 73.348480 498 50.606323 423 45.541191 152 82.873398
6 1845.000000 985.000000 497 89.358826 76 105.948097
7 938.000000 424.000000 246 5.830952 246 5.830952
8 1331.000000 526.000000
9 654.000000 545.000000 144 70.213959 290 93.005379
10 1083.000000 670.000000
11 1713.000000 826.000000
12 1770.000000 406.000000
13 289.000000 499.000000 232 23.409399 44 48.795490
14 1452.000000 921.000000 238 10.630146 360 11.180340 238 10.630146 360 11.180340
15 1026.000000 717.000000
16 338.000000 308.000000 445 47.074409 356 100.304535 458 156.732254 386 201.069641 327 202.039597
17 871.000000 100.000000 384 38.832977 248 72.090218 308 75.166481 222 85.375641
18 613.000000 754.000000 334 51.078373 484 30.083218
19 1509.000000 297.000000 145 101.242287 320 48.041649 172 97.652443 40 118.928551 265 104.661362 402 99.045441
20 184.000000 965.000000 381 54.405884 61 87.464279 383 142.087997
21 1539.000000 75.000000 401 13.341664 401 13.341664 111 45.177429 457 35.227829
22 873.000000 875.000000
23 221.000000 996.000000
24 189.000000 380.000000 451 30.000000 158 53.851646
25 1021.000000 671.000000
26 1224.000000 832.000000
27 444.000000 895.000000
28 1438.000000 989.000000 45 83.096329 360 59.203041 423 56.089214 5 70.710678
29 1113.000000 208.000000 267 93.134308 443 165.680420 490 96.566040
30 1695.000000 853.000000 11 32.449963 183 95.189285
31 823.000000 853.000000 110 62.072536 77 62.649822
32 380.000000 146.000000 138 11.661903 138 11.661903
33 1506.000000 597.000000 429 66.610809 150 133.723602 175 46.518814 364 72.201111 276 68.264191
34 1834.000000 610.000000
35 571.000000 925.000000 425 13.152946 425 13.152946
36 1067.000000 582.000000
37 1612.000000 959.000000
38 941.000000 447.000000 7 23.194826 463 87.235313
39 833.000000 790.000000 370 18.027756
40 1429.000000 385.000000
41 1484.000000 782.000000
42 1712.000000 457.000000
43 1003.000000 169.000000 178 37.215588 221 35.227829 102 46.227695 83 116.709038 180 146.577621
44 254.000000 533.000000 315 138.852432 237 149.562698 199 97.416634 59 66.760765 59 66.760765 154 101.178062
45 1491.000000 925.000000
46 1030.000000 801.000000
47 362.000000 751.000000 159 60.440052 385 78.600258 316 101.965683 68 34.132095 328 16.031219
48 1555.000000 774.000000 41 71.449280 325 44.687805 259 50.635956 358 102.883430
49 1346.000000 790.000000 203 12.206555 203 12.206555
50 1755.000000 241.000000 201 93.477272 302 128.891434
51 1164.000000 695.000000 218 23.345236 256 27.166155 156 86.284416
52 1709.000000 871.000000 202 11.661903 202 11.661903
53 821.000000 978.000000 441 57.982758 223 45.694637 22 115.381973 77 72.111023 231 71.610054 31 125.015999
54 882.000000 826.000000
55 737.000000 947.000000 441 83.862984 231 49.929951 223 43.965897 470 43.965897 411 72.670486 142 85.883644
56 359.000000 440.000000 388 24.331051 344 43.011627 140 61.073727
57 875.000000 365.000000 463 42.449970 233 86.884979 415 124.326187
58 1365.000000 463.000000 446 78.102493 8 71.589104 403 87.132080 63 106.526993
59 235.000000 597.000000 186 14.142136 186 14.142136
60 660.000000 85.000000
61 229.000000 890.000000
62 970.000000 840.000000 193 31.257000 46 71.561165 298 142.003525 15 135.148071 482 105.309067 240 79.309517 22 103.121284 478 104.004807
63 1297.000000 545.000000 8 38.948685 403 36.496574
64 637.000000 123.000000
65 1414.000000 387.000000
66 1696.000000 906.000000 226 107.712578 133 72.006943 37 99.322708 420 60.638271 170 42.426407 30 53.009434
67 1264.000000 791.000000
68 344.000000 780.000000
69 1044.000000 317.000000 415 79.309517 289 37.107952 208 48.259712 366 55.326305
70 1324.000000 102.000000 394 14.764823 394 14.764823 169 69.856995
71 1799.000000 344.000000
72 219.000000 134.000000
73 1549.000000 649.000000 171 17.029387 331 116.824654 230 136.821045 357 147.851273 429 97.867256 33 67.475922
74 719.000000 586.000000
75 1838.000000 558.000000
76 1745.000000 1020.000000 497 29.154760 341 97.082436 273 94.244362
77 797.000000 910.000000 231 20.591261 326 68.359344
78 1368.000000 429.000000 65 62.289646 58 34.132095
79 1368.000000 762.000000
80 1274.000000 915.000000
81 1268.000000 342.000000 342 11.661903 342 11.661903
82 350.000000 51.000000
83 889.000000 194.000000 180 85.510231
84 294.000000 71.000000
85 1734.000000 525.000000
86 1048.000000 258.000000 221 70.830788 43 99.729637 178 85.702972
87 1825.000000 788.000000 97 11.180340 97 11.180340
88 992.000000 465.000000 271 9.486833 271 9.486833
89 297.000000 233.000000 212 83.360664 447 95.131485 16 85.475143
90 453.000000 777.000000
91 1260.000000 195.000000 157 36.400551
92 805.000000 270.000000
93 600.000000 605.000000 408 14.317822 408 14.317822 74 120.507263 438 58.000000 340 100.419121
94 600.000000 484.000000 322 17.262676 284 71.021126
95 1708.000000 57.000000 146 19.924858 247 75.432091
96 614.000000 423.000000 359 20.000000 143 69.892776
97 1815.000000 783.000000 87 11.180340 87 11.180340
98 442.000000 555.000000
99 647.000000 229.000000
100 763.000000 488.000000
101 414.000000 400.000000 445 80.448738 228 79.309517 349 111.328346 56 68.007355
102 1039.000000 140.000000
103 1743.000000 210.000000 459 40.049969 50 33.241539 416 66.850578
104 804.000000 141.000000
105 1357.000000 300.000000
106 1310.000000 399.000000
107 1288.000000 386.000000
108 251.000000 653.000000
109 1145.000000 518.000000
110 761.000000 856.000000 326 68.883957 317 52.773098 234 61.554855 206 62.289646
111 1579.000000 54.000000
112 1015.000000 697.000000
113 688.000000 709.000000
114 1136.000000 372.000000
115 629.000000 754.000000 18 16.000000
116 1109.000000 922.000000
117 129.000000 399.000000 158 10.049875 158 10.049875
118 161.000000 354.000000 451 8.944272 451 8.944272
119 1107.000000 118.000000
120 298.000000 882.000000 352 49.497475 383 81.215759 61 69.462219 348 84.314888
121 1760.000000 811.000000
122 796.000000 760.000000
123 1333.000000 354.000000
124 1592.000000 416.000000 172 47.434166 343 65.513359 460 74.652527 40 165.921661 58 231.814575 78 224.376923
125 132.000000 90.000000 382 76.321686 187 117.068359 332 86.400230
126 1429.000000 88.000000 389 36.221542
127 538.000000 116.000000
128 711.000000 901.000000 234 8.000000 235 13.416408 234 8.000000 235 13.416408
129 1378.000000 700.000000 397 9.219544 397 9.219544 354 70.710678 79 62.801273 309 65.306969
130 810.000000 575.000000
131 1405.000000 53.000000 126 42.438190
132 1108.000000 295.000000
133 1625.000000 918.000000
134 911.000000 715.000000 139 13.341664 139 13.341664 236 95.801880 435 29.546574 427 53.000000 421 218.929214 38 269.673889 270 244.131119
135 1701.000000 177.000000 496 33.600594
136 554.000000 832.000000 425 91.087868 464 70.774292 398 70.007141 293 97.908119
137 488.000000 427.000000 353 29.732138
138 374.000000 136.000000 32 11.661903 32 11.661903 424 22.135944 82 88.323273 476 80.411446 363 86.406021 339 126.530632 406 127.141655
139 924.000000 718.000000 134 13.341664 134 13.341664
140 356.000000 501.000000 13 67.029846
141 1455.000000 261.000000 19 64.899925
142 661.000000 987.000000 387 83.384651 35 109.288612 307 160.561508 361 166.433167
143 680.000000 400.000000 4 57.314919 282 52.773098
144 723.000000 532.000000 290 26.832815 346 36.124783
145 1538.000000 200.000000
146 1702.000000 76.000000
147 1667.000000 544.000000
148 1658.000000 280.000000
149 1202.000000 494.000000
150 1387.000000 658.000000
151 889.000000 287.000000 180 18.357559 83 93.000000 489 55.785301 92 85.702972
152 1294.000000 967.000000 400 13.601471 400 13.601471 323 31.906113 299 34.205261
153 1425.000000 786.000000 191 61.073727
154 328.000000 602.000000 422 67.082039 493 92.612091 199 64.257294
155 721.000000 477.000000 100 43.416588 346 42.449970 144 55.036350 9 95.462036
156 1118.000000 622.000000 10 59.405388 36 64.815125 192 92.720009
157 1294.000000 208.000000
158 139.000000 400.000000 117 10.049875 117 10.049875 237 76.243034 173 92.314682 351 129.468140 356 164.012192
159 420.000000 768.000000 90 34.205261 430 60.207973
160 1755.000000 491.000000
161 1288.000000 225.000000 209 51.195702 266 48.259712
162 1044.000000 681.000000
163 1634.000000 1019.000000 341 14.317822 341 14.317822
164 98.000000 714.000000
165 1736.000000 543.000000 472 87.143562 147 69.007248 414 94.244362
166 1441.000000 206.000000 477 19.646883 214 22.022715
167 1845.000000 829.000000
168 1700.000000 733.000000
169 1388.000000 74.000000 131 27.018513
170 1666.000000 876.000000
171 1566.000000 648.000000
172 1565.000000 377.000000
173 210.000000 459.000000
174 789.000000 467.000000 100 33.421551 155 68.731361 421 98.030609
175 1526.000000 555.000000
176 641.000000 771.000000 115 20.808653 484 20.248457
177 583.000000 573.000000 408 21.954498
178 984.000000 201.000000
179 1470.000000 898.000000
180 905.000000 278.000000
181 1224.000000 815.000000 67 46.647614 26 17.000000 461 56.000000
182 723.000000 451.000000 155 26.076809 174 67.911705
183 1785.000000 884.000000
184 1580.000000 993.000000 45 112.004463 133 87.464279 190 152.689224 28 142.056320
185 559.000000 144.000000 249 10.770329 249 10.770329 64 80.777473 60 116.970085 196 73.246162 372 101.019798 261 69.778221
186 245.000000 607.000000 59 14.142136 59 14.142136 422 18.384777 227 142.045761 362 162.111069
187 65.000000 186.000000
188 1295.000000 603.000000 255 12.369317 255 12.369317
189 1313.000000 771.000000
190 1505.000000 860.000000
191 1386.000000 833.000000
192 1029.000000 648.000000 376 101.950966 36 76.157730 330 44.777225 162 36.249138 25 24.351591 427 92.649879 262 53.150730
193 1001.000000 836.000000
194 1777.000000 670.000000 296 55.470715 336 32.202484 472 53.814495 466 53.413483 314 74.148499
195 447.000000 683.000000 385 149.482437 47 108.853111
196 513.000000 201.000000
197 741.000000 347.000000
198 1273.000000 723.000000
199 351.000000 542.000000 493 64.513565 140 41.303753 137 178.868668
200 710.000000 127.000000 268 86.815895 245 143.178207 104 95.036835 481 90.426765 17 163.248276
201 1798.000000 324.000000
202 1719.000000 877.000000 52 11.661903 52 11.661903
203 1339.000000 780.000000 49 12.206555 49 12.206555
204 890.000000 135.000000 384 11.401754 384 11.401754
205 701.000000 778.000000 281 9.055386 281 9.055386
206 719.000000 810.000000
207 485.000000 671.000000 252 8.544003 252 8.544003 272 30.232433 195 39.849716
208 1071.000000 357.000000 366 25.806976 242 62.609905
209 1338.000000 214.000000 448 86.052307 105 88.073830
210 1154.000000 285.000000 462 63.063461 114 88.842560 132 47.074409 491 107.070068
211 1293.000000 824.000000 487 29.732138 191 93.434471 432 122.090134
212 379.000000 218.000000
213 1801.000000 635.000000 336 11.661903 336 11.661903
214 1458.000000 220.000000 229 19.209373 141 41.109608
215 770.000000 571.000000
216 535.000000 449.000000 96 83.168503
217 1354.000000 771.000000 309 12.649111 309 12.649111
218 1147.000000 679.000000
219 88.000000 657.000000 227 22.847319 250 32.756680 286 55.217751
220 1269.000000 672.000000 375 9.000000 375 9.000000
221 1032.000000 189.000000
222 954.000000 120.000000 312 70.000000 455 66.400299
223 779.000000 960.000000 441 59.008472
224 573.000000 60.000000
225 1129.000000 89.000000 475 11.704700 475 11.704700
226 1615.000000 977.000000 184 38.483765
227 109.000000 648.000000
228 335.000000 407.000000
229 1473.000000 232.000000
230 1441.000000 733.000000
231 779.000000 920.000000
232 267.000000 507.000000 345 8.544003 345 8.544003
233 960.000000 383.000000 415 97.621719
234 719.000000 901.000000 128 8.000000 128 8.000000 235 12.165525 235 12.165525
235 717.000000 913.000000 128 13.416408 234 12.165525 128 13.416408 234 12.165525 326 12.649111 326 12.649111
236 854.000000 638.000000 419 124.907967 340 188.087738 435 93.920181 329 120.830460 321 117.136673 113 180.546387
237 117.000000 473.000000
238 1445.000000 929.000000 14 10.630146 14 10.630146 360 9.486833 360 9.486833
239 1674.000000 366.000000
240 891.000000 847.000000 54 22.847319 31 68.264191
241 1238.000000 722.000000 198 35.014282 0 102.420700 129 141.718033
242 1127.000000 385.000000
243 1197.000000 724.000000
244 1060.000000 461.000000 480 76.243034 291 61.073727 233 126.822708 417 35.468296 469 96.020828 495 102.415817
245 836.000000 59.000000
246 935.000000 419.000000 7 5.830952 7 5.830952 463 72.180328 480 55.713554
247 1727.000000 130.000000 433 45.694637 135 53.712196 369 89.050545 103 81.584312
248 937.000000 71.000000
249 563.000000 154.000000 185 10.770329 185 10.770329
250 95.000000 689.000000
251 379.000000 889.000000 374 91.301697 254 61.400326 352 92.800865 120 81.301903
252 488.000000 663.000000 207 8.544003 207 8.544003
253 910.000000 768.000000 435 48.548943 134 53.009434
254 372.000000 828.000000
255 1283.000000 606.000000 188 12.369317 188 12.369317
256 1167.000000 668.000000
257 476.000000 405.000000 428 19.313208
258 1006.000000 994.000000 440 100.124924 193 158.079102 482 95.801880
259 1563.000000 724.000000
260 1004.000000 744.000000
261 622.000000 174.000000 485 46.097721 393 46.227695 373 67.082039 99 60.415230 269 70.604530 399 49.396355
262 989.000000 683.000000 467 15.132746 112 29.529646 139 73.824112 260 62.817196 253 116.043098 62 158.145508
263 1712.000000 407.000000
264 1614.000000 66.000000 297 62.585941 95 94.429871
265 1582.000000 222.000000
266 1315.000000 185.000000
267 1206.000000 213.000000
268 746.000000 206.000000
269 678.000000 217.000000
270 987.000000 483.000000 271 9.219544 271 9.219544 244 76.243034
271 989.000000 474.000000 88 9.486833 270 9.219544 88 9.486833 270 9.219544
272 468.000000 696.000000
273 1714.000000 931.000000 499 135.207245 66 30.805843 202 54.230988
274 196.000000 682.000000 108 62.177166
275 1753.000000 529.000000 75 89.810913 474 72.069412 42 82.855293 85 19.416489 165 22.022715 34 114.551300 213 116.361504 472 101.710373
276 1512.000000 529.000000 465 34.481880 364 43.416588 446 143.502609 319 107.823929
277 1318.000000 842.000000 487 18.027756 211 30.805843
278 750.000000 315.000000 197 33.241539
279 1196.000000 810.000000
280 101.000000 868.000000
281 702.000000 787.000000 205 9.055386 205 9.055386 206 28.600698
282 689.000000 348.000000 197 52.009613 278 69.354164
283 442.000000 879.000000
284 670.000000 472.000000 182 57.008770 155 51.244511
285 129.000000 251.000000 386 24.596748
286 133.000000 689.000000 250 38.000000 164 43.011627 412 23.021729 274 63.387695 108 123.369362
287 452.000000 259.000000 471 68.622154 372 61.326992 413 81.743500 409 89.375610
288 189.000000 731.000000
289 1080.000000 308.000000 132 30.870699
290 747.000000 544.000000 346 36.124783 215 35.468296 74 50.477718 419 64.536812 130 70.213959 378 81.252693
291 1063.000000 400.000000
292 1041.000000 298.000000 415 71.021126 69 19.235384 289 40.261642
293 473.000000 777.000000 272 81.154175 207 106.677086
294 447.000000 960.000000 27 65.069191 374 25.632011 365 38.183765 355 34.014702 251 98.310730
295 547.000000 335.000000
296 1826.000000 644.000000
297 1675.000000 80.000000
298 1056.000000 727.000000 3 26.076809 15 31.622776 162 47.539455 112 50.803543 25 66.037865
299 1261.000000 958.000000 492 42.379242 323 39.395432
300 1156.000000 809.000000 279 40.012497 440 138.057953 116 122.384636 46 126.253716 444 66.483078 3 104.861816 243 94.371605 468 136.242432 10 157.003189 51 114.280357
301 1586.000000 556.000000 465 44.384682 175 60.008331 73 100.089958 33 89.894379 368 128.226364 171 94.148819
302 1733.000000 368.000000 71 70.228203 239 59.033890 437 69.641945 12 53.037724 263 44.294468 303 47.169907
303 1729.000000 415.000000 434 31.064449 124 137.003647 486 72.006943 473 97.097885
304 1173.000000 408.000000
305 1018.000000 53.000000 225 116.691902 119 110.208893 102 89.498604 29 181.796585
306 567.000000 785.000000 334 11.045361 334 11.045361
307 623.000000 831.000000 338 46.872166
308 928.000000 51.000000
309 1350.000000 759.000000 217 12.649111 217 12.649111 203 23.706539 189 38.897301 79 18.248287 354 23.769728
310 703.000000 111.000000
311 507.000000 383.000000 353 54.744862 216 71.693794
312 1010.000000 78.000000
313 1402.000000 703.000000 357 11.704700 357 11.704700
314 1790.000000 743.000000 97 47.169907 466 55.470715 168 90.553848 121 74.323616 418 85.052925
315 118.000000 505.000000
316 261.000000 765.000000 385 71.867935 288 79.624115 456 44.294468 68 84.344528
317 752.000000 804.000000 206 33.541019 281 52.810986
318 1269.000000 884.000000 442 15.811388 80 31.400637 405 64.513565
319 1607.000000 478.000000 124 63.788715
320 1557.000000 299.000000
321 793.000000 738.000000 122 22.203604 39 65.604881
322 603.000000 501.000000 284 73.006851 367 37.000000 9 67.357254
323 1277.000000 994.000000
324 394.000000 223.000000 287 68.264191
325 1526.000000 808.000000
326 729.000000 917.000000 235 12.649111 235 12.649111
327 150.000000 234.000000 285 27.018513
328 361.000000 767.000000 2 35.000000 347 33.136082
329 828.000000 756.000000
330 1068.000000 670.000000 10 15.000000 10 15.000000
331 1477.000000 741.000000
332 215.000000 66.000000 84 79.158073 436 116.180893
333 1471.000000 828.000000 191 85.146935 153 62.289646 41 47.801674 325 58.523499 453 58.034473
334 566.000000 774.000000 306 11.045361 306 11.045361
335 429.000000 615.000000 493 54.708317 98 61.392181 395 34.000000
336 1791.000000 641.000000 213 11.661903 213 11.661903
337 1092.000000 434.000000 417 14.035668 417 14.035668
338 577.000000 822.000000 136 25.079872
339 493.000000 93.000000
340 670.000000 677.000000 113 36.715118
341 1648.000000 1016.000000 163 14.317822 163 14.317822
342 1278.000000 348.000000 81 11.661903 81 11.661903
343 1606.000000 352.000000
344 394.000000 465.000000 137 101.390335 140 52.345009
345 264.000000 499.000000 232 8.544003 232 8.544003
346 750.000000 508.000000
347 358.000000 800.000000
348 228.000000 929.000000 23 67.364677 20 56.850681
349 309.000000 437.000000
350 1244.000000 341.000000 210 106.000000
351 258.000000 451.000000 13 57.140179 345 48.373547
352 305.000000 833.000000
353 516.000000 437.000000
354 1328.000000 750.000000 198 61.269894 444 115.433968
355 448.000000 994.000000
356 303.000000 402.000000 349 35.510563 228 32.388271 228 32.388271 445 65.795135
357 1413.000000 707.000000 313 11.704700 313 11.704700
358 1592.000000 678.000000 259 54.378304 171 39.698868 73 51.865211
359 626.000000 407.000000 407 34.058773
360 1454.000000 932.000000 14 11.180340 238 9.486833 14 11.180340 238 9.486833
361 673.000000 821.000000 484 62.625874 307 50.990196 176 59.363289
362 83.000000 613.000000 227 43.600460 219 44.283180
363 409.000000 57.000000
364 1469.000000 535.000000
365 474.000000 987.000000
366 1050.000000 372.000000
367 603.000000 538.000000 9 51.478149 454 21.470911
368 1687.000000 635.000000 368 0.000000 194 96.566040
369 1808.000000 167.000000
370 848.000000 800.000000
371 376.000000 812.000000
372 477.000000 203.000000
373 610.000000 240.000000 439 10.770329 439 10.770329
374 423.000000 969.000000
375 1260.000000 672.000000 220 9.000000 220 9.000000
376 992.000000 553.000000
377 320.000000 663.000000 108 69.720871 154 61.522354 335 119.100800 493 135.882309
378 826.000000 563.000000
379 1505.000000 188.000000
380 1232.000000 610.000000 255 51.156624 426 38.470768 375 68.029404
381 168.000000 913.000000
382 172.000000 155.000000
383 234.000000 832.000000 280 137.786072 479 156.208191
384 879.000000 138.000000 204 11.401754 204 11.401754
385 299.000000 704.000000
386 140.000000 273.000000 458 82.377182 118 83.677956
387 584.000000 1019.000000
388 335.000000 444.000000
389 1465.000000 92.000000 401 64.195015 379 104.000000 166 116.498924
390 1319.000000 368.000000 342 45.617977 123 19.798990 396 25.019993 449 23.323807
391 745.000000 399.000000 4 9.433981 4 9.433981
392 1829.000000 495.000000
393 593.000000 210.000000
394 1317.000000 89.000000 70 14.764823 70 14.764823
395 459.000000 631.000000 252 43.185646 98 77.878113 410 96.176918
396 1344.000000 369.000000
397 1387.000000 698.000000 129 9.219544 129 9.219544
398 504.000000 881.000000 283 62.032249 464 27.202942 27 61.611687 294 97.416634
399 664.000000 148.000000 483 48.270073 310 53.758720 200 50.566788
400 1298.000000 954.000000 152 13.601471 152 13.601471
401 1526.000000 72.000000 21 13.341664 21 13.341664
402 1608.000000 294.000000 343 58.034473 460 85.959290 148 51.923019 404 137.058380
403 1291.000000 509.000000 106 111.628853 107 123.036583 304 155.322250 431 196.025513
404 1591.000000 158.000000 457 88.645363 264 94.831429
405 1330.000000 863.000000 487 29.154760 277 24.186773
406 500.000000 119.000000 494 42.720020 127 38.118237 224 93.861603 185 64.078079
407 648.000000 381.000000 282 52.630791 143 37.215588
408 594.000000 592.000000 93 14.317822 93 14.317822
409 510.000000 327.000000 471 46.529560 295 37.854988 413 70.213959
410 504.000000 546.000000 177 83.486526 98 62.649822 252 118.088951 438 112.769676 94 114.280357
411 696.000000 1007.000000
412 132.000000 712.000000
413 441.000000 340.000000
414 1647.000000 512.000000 319 52.497620 474 46.615448 147 37.735924 301 75.213028
415 971.000000 286.000000
416 1681.000000 235.000000
417 1093.000000 448.000000 337 14.035668 337 14.035668
418 1793.000000 828.000000 183 56.568542 183 56.568542 167 52.009613 6 165.387421
419 733.000000 607.000000
420 1637.000000 892.000000
421 882.000000 498.000000 100 119.419426 378 85.796272
422 262.000000 614.000000
423 1383.000000 1000.000000
424 367.000000 157.000000
425 558.000000 923.000000 35 13.152946 35 13.152946
426 1238.000000 648.000000 375 32.557640 243 86.353920 256 73.763138 241 74.000000
427 939.000000 670.000000
428 494.000000 412.000000 137 16.155495
429 1452.000000 636.000000
430 415.000000 828.000000 371 42.154476 90 63.600315 293 77.233414 254 43.000000 283 57.706154 398 103.585716
431 1166.000000 358.000000 462 12.649111 462 12.649111 304 50.487621 114 33.105892 350 79.831070 107 125.171883 390 153.326447
432 1408.000000 783.000000 191 54.625999 153 17.262676
433 1685.000000 112.000000
434 1712.000000 441.000000
435 884.000000 727.000000
436 292.000000 153.000000 72 75.432091 89 80.156097 138 83.743660
437 1668.000000 393.000000
438 558.000000 645.000000
439 606.000000 250.000000 373 10.770329 373 10.770329
440 1070.000000 917.000000
441 780.000000 1019.000000
442 1256.000000 893.000000
443 1200.000000 67.000000
444 1218.000000 785.000000 67 46.389652 181 30.594116
445 348.000000 354.000000
446 1369.000000 541.000000
447 370.000000 294.000000 16 34.928497
448 1335.000000 300.000000
449 1331.000000 388.000000
450 78.000000 963.000000 20 106.018867 23 146.758301
451 165.000000 362.000000 118 8.944272 118 8.944272 158 46.043457
452 1209.000000 589.000000 109 95.587654 469 105.588821 149 95.257545 380 31.144823 255 75.927597
453 1529.000000 826.000000 325 18.248287 48 58.137768
454 593.000000 557.000000 177 18.867962 408 35.014282
455 994.000000 67.000000 305 27.784887
456 222.000000 786.000000
457 1574.000000 71.000000
458 185.000000 342.000000 118 26.832815 24 38.209946
459 1703.000000 208.000000
460 1650.000000 369.000000
461 1280.000000 815.000000 189 55.000000 203 68.600288 49 70.576202 211 15.811388 26 58.523499 318 69.871307
462 1170.000000 346.000000 431 12.649111 431 12.649111
463 864.000000 406.000000 421 93.744331 174 96.674713 391 119.205704 197 136.418472 278 145.866379
464 526.000000 897.000000
465 1545.000000 539.000000
466 1744.000000 712.000000
467 1004.000000 681.000000
468 1077.000000 698.000000
469 1116.000000 539.000000
470 695.000000 934.000000
471 517.000000 281.000000
472 1741.000000 630.000000
473 1811.000000 467.000000 392 33.286633 160 60.926186 275 84.899940
474 1690.000000 494.000000
475 1125.000000 100.000000 225 11.704700 225 11.704700
476 389.000000 57.000000
477 1436.000000 225.000000
478 894.000000 911.000000
479 110.000000 927.000000 381 59.665737 20 83.186539 280 59.682495 450 48.166378
480 987.000000 439.000000
481 789.000000 171.000000
482 929.000000 937.000000 478 43.600460 53 115.520561
483 675.000000 101.000000
484 624.000000 782.000000 306 57.078892 338 61.717098 307 49.010204
485 668.000000 171.000000
486 1773.000000 472.000000
487 1303.000000 852.000000
488 1390.000000 883.000000
489 835.000000 301.000000 92 43.139309 57 75.471848 463 108.931168
490 1206.000000 182.000000 91 55.542778 394 144.810226 161 92.590500
491 1064.000000 227.000000 86 34.885529 289 82.565125
492 1247.000000 998.000000 323 30.265491 258 241.033188 116 157.543640 300 209.766541 279 194.794769
493 412.000000 563.000000
494 488.000000 160.000000
495 1105.000000 553.000000 469 17.804493 452 110.054535
496 1681.000000 204.000000
497 1756.000000 993.000000
498 1332.000000 930.000000
499 1605.000000 1011.000000 226 35.440090 184 30.805843