0 1329 675
1 851 802
2 389 788
3 1070 749
4 737 394
5 1376 955
6 1845 985
7 938 424
8 1331 526
9 654 545
10 1083 670
11 1713 826
12 1770 406
13 289 499
14 1452 921
15 1026 717
16 338 308
17 871 100
18 613 754
19 1509 297
20 184 965
21 1539 75
22 873 875
23 221 996
24 189 380
25 1021 671
26 1224 832
27 444 895
28 1438 989
29 1113 208
30 1695 853
31 823 853
32 380 146
33 1506 597
34 1834 610
35 571 925
36 1067 582
37 1612 959
38 941 447
39 833 790
40 1429 385
41 1484 782
42 1712 457
43 1003 169
44 254 533
45 1491 925
46 1030 801
47 362 751
48 1555 774
49 1346 790
50 1755 241
51 1164 695
52 1709 871
53 821 978
54 882 826
55 737 947
56 359 440
57 875 365
58 1365 463
59 235 597
60 660 85
61 229 890
62 970 840
63 1297 545
64 637 123
65 1414 387
66 1696 906
67 1264 791
68 344 780
69 1044 317
70 1324 102
71 1799 344
72 219 134
73 1549 649
74 719 586
75 1838 558
76 1745 1020
77 797 910
78 1368 429
79 1368 762
80 1274 915
81 1268 342
82 350 51
83 889 194
84 294 71
85 1734 525
86 1048 258
87 1825 788
88 992 465
89 297 233
90 453 777
91 1260 195
92 805 270
93 600 605
94 600 484
95 1708 57
96 614 423
97 1815 783
98 442 555
99 647 229
100 763 488
101 414 400
102 1039 140
103 1743 210
104 804 141
105 1357 300
106 1310 399
107 1288 386
108 251 653
109 1145 518
110 761 856
111 1579 54
112 1015 697
113 688 709
114 1136 372
115 629 754
116 1109 922
117 129 399
118 161 354
119 1107 118
120 298 882
121 1760 811
122 796 760
123 1333 354
124 1592 416
125 132 90
126 1429 88
127 538 116
128 711 901
129 1378 700
130 810 575
131 1405 53
132 1108 295
133 1625 918
134 911 715
135 1701 177
136 554 832
137 488 427
138 374 136
139 924 718
140 356 501
141 1455 261
142 661 987
143 680 400
144 723 532
145 1538 200
146 1702 76
147 1667 544
148 1658 280
149 1202 494
150 1387 658
151 889 287
152 1294 967
153 1425 786
154 328 602
155 721 477
156 1118 622
157 1294 208
158 139 400
159 420 768
160 1755 491
161 1288 225
162 1044 681
163 1634 1019
164 98 714
165 1736 543
166 1441 206
167 1845 829
168 1700 733
169 1388 74
170 1666 876
171 1566 648
172 1565 377
173 210 459
174 789 467
175 1526 555
176 641 771
177 583 573
178 984 201
179 1470 898
180 905 278
181 1224 815
182 723 451
183 1785 884
184 1580 993
185 559 144
186 245 607
187 65 186
188 1295 603
189 1313 771
190 1505 860
191 1386 833
192 1029 648
193 1001 836
194 1777 670
195 447 683
196 513 201
197 741 347
198 1273 723
199 351 542
200 710 127
201 1798 324
202 1719 877
203 1339 780
204 890 135
205 701 778
206 719 810
207 485 671
208 1071 357
209 1338 214
210 1154 285
211 1293 824
212 379 218
213 1801 635
214 1458 220
215 770 571
216 535 449
217 1354 771
218 1147 679
219 88 657
220 1269 672
221 1032 189
222 954 120
223 779 960
224 573 60
225 1129 89
226 1615 977
227 109 648
228 335 407
229 1473 232
230 1441 733
231 779 920
232 267 507
233 960 383
234 719 901
235 717 913
236 854 638
237 117 473
238 1445 929
239 1674 366
240 891 847
241 1238 722
242 1127 385
243 1197 724
244 1060 461
245 836 59
246 935 419
247 1727 130
248 937 71
249 563 154
250 95 689
251 379 889
252 488 663
253 910 768
254 372 828
255 1283 606
256 1167 668
257 476 405
258 1006 994
259 1563 724
260 1004 744
261 622 174
262 989 683
263 1712 407
264 1614 66
265 1582 222
266 1315 185
267 1206 213
268 746 206
269 678 217
270 987 483
271 989 474
272 468 696
273 1714 931
274 196 682
275 1753 529
276 1512 529
277 1318 842
278 750 315
279 1196 810
280 101 868
281 702 787
282 689 348
283 442 879
284 670 472
285 129 251
286 133 689
287 452 259
288 189 731
289 1080 308
290 747 544
291 1063 400
292 1041 298
293 473 777
294 447 960
295 547 335
296 1826 644
297 1675 80
298 1056 727
299 1261 958
300 1156 809
301 1586 556
302 1733 368
303 1729 415
304 1173 408
305 1018 53
306 567 785
307 623 831
308 928 51
309 1350 759
310 703 111
311 507 383
312 1010 78
313 1402 703
314 1790 743
315 118 505
316 261 765
317 752 804
318 1269 884
319 1607 478
320 1557 299
321 793 738
322 603 501
323 1277 994
324 394 223
325 1526 808
326 729 917
327 150 234
328 361 767
329 828 756
330 1068 670
331 1477 741
332 215 66
333 1471 828
334 566 774
335 429 615
336 1791 641
337 1092 434
338 577 822
339 493 93
340 670 677
341 1648 1016
342 1278 348
343 1606 352
344 394 465
345 264 499
346 750 508
347 358 800
348 228 929
349 309 437
350 1244 341
351 258 451
352 305 833
353 516 437
354 1328 750
355 448 994
356 303 402
357 1413 707
358 1592 678
359 626 407
360 1454 932
361 673 821
362 83 613
363 409 57
364 1469 535
365 474 987
366 1050 372
367 603 538
368 1687 635
369 1808 167
370 848 800
371 376 812
372 477 203
373 610 240
374 423 969
375 1260 672
376 992 553
377 320 663
378 826 563
379 1505 188
380 1232 610
381 168 913
382 172 155
383 234 832
384 879 138
385 299 704
386 140 273
387 584 1019
388 335 444
389 1465 92
390 1319 368
391 745 399
392 1829 495
393 593 210
394 1317 89
395 459 631
396 1344 369
397 1387 698
398 504 881
399 664 148
400 1298 954
401 1526 72
402 1608 294
403 1291 509
404 1591 158
405 1330 863
406 500 119
407 648 381
408 594 592
409 510 327
410 504 546
411 696 1007
412 132 712
413 441 340
414 1647 512
415 971 286
416 1681 235
417 1093 448
418 1793 828
419 733 607
420 1637 892
421 882 498
422 262 614
423 1383 1000
424 367 157
425 558 923
426 1238 648
427 939 670
428 494 412
429 1452 636
430 415 828
431 1166 358
432 1408 783
433 1685 112
434 1712 441
435 884 727
436 292 153
437 1668 393
438 558 645
439 606 250
440 1070 917
441 780 1019
442 1256 893
443 1200 67
444 1218 785
445 348 354
446 1369 541
447 370 294
448 1335 300
449 1331 388
450 78 963
451 165 362
452 1209 589
453 1529 826
454 593 557
455 994 67
456 222 786
457 1574 71
458 185 342
459 1703 208
460 1650 369
461 1280 815
462 1170 346
463 864 406
464 526 897
465 1545 539
466 1744 712
467 1004 681
468 1077 698
469 1116 539
470 695 934
471 517 281
472 1741 630
473 1811 467
474 1690 494
475 1125 100
476 389 57
477 1436 225
478 894 911
479 110 927
480 987 439
481 789 171
482 929 937
483 675 101
484 624 782
485 668 171
486 1773 472
487 1303 852
488 1390 883
489 835 301
490 1206 182
491 1064 227
492 1247 998
493 412 563
494 488 160
495 1105 553
496 1681 204
497 1756 993
498 1332 930
499 1605 1011