0 396 27
0 204 21
0 183 34
0 635 35
0 673 43
0 752 28
1 812 17
1 278 42
1 224 22
2 205 47
2 384 48
2 317 40
2 326 15
2 629 32
2 806 16
2 832 34
3 464 46
3 458 29
3 622 39
3 741 20
4 237 20
4 363 24
5 449 33
5 235 12
5 132 32
5 302 14
6 411 20
6 733 26
6 531 43
7 281 18
7 706 39
7 546 19
8 138 32
8 641 40
8 47 42
8 271 45
8 372 10
8 836 26
9 709 49
9 455 37
9 380 12
10 188 49
10 977 22
10 262 42
11 435 45
11 911 42
11 115 16
11 151 37
12 118 45
12 198 17
12 118 41
12 527 39
12 706 33
13 898 44
13 849 31
13 232 42
13 267 15
13 296 13
13 344 19
13 528 30
13 600 19
13 746 36
14 284 25
14 789 48
14 917 25
15 663 18
15 947 11
15 402 48
15 464 24
16 110 30
16 104 22
16 259 42
17 211 41
17 791 49
17 305 30
17 380 22
18 750 18
18 51 27
18 218 35
18 474 48
19 555 45
19 209 43
20 590 17
20 592 10
21 841 44
21 853 48
21 61 45
21 349 24
21 457 20
22 729 45
22 748 42
22 207 20
22 458 23
22 682 21
22 848 12
22 905 35
23 843 17
23 546 43
23 694 46
24 988 12
24 477 49
24 146 41
24 975 28
25 913 38
25 599 25
25 121 37
25 595 19
26 388 12
26 552 34
26 35 10
26 874 21
27 317 43
27 969 29
27 175 45
28 872 12
28 451 36
28 737 35
28 875 15
29 356 27
29 544 15
29 466 18
30 652 14
30 829 25
30 536 11
31 691 17
31 448 49
31 921 23
32 81 16
32 231 44
32 626 45
33 546 32
33 361 25
33 201 42
33 476 31
34 184 43
34 879 32
34 150 19
35 113 29
35 573 46
35 792 19
36 762 15
36 965 40
36 463 26
36 668 16
37 222 31
37 907 44
38 857 27
38 369 38
38 301 41
39 816 19
39 580 28
39 94 22
39 182 10
39 825 17
39 831 27
40 447 13
40 244 44
40 52 28
41 345 16
41 281 19
41 107 24
41 173 29
42 871 42
42 383 28
42 257 38
42 333 18
42 797 29
43 712 27
43 149 45
43 880 32
44 414 36
44 945 46
44 107 29
45 679 23
45 862 26
45 200 13
46 942 33
46 436 40
46 596 14
46 914 24
47 752 26
47 513 20
47 615 46
48 179 15
48 546 14
48 315 38
48 729 25
49 563 37
49 406 44
49 247 26
50 691 31
50 332 13
50 103 11
51 638 43
51 878 14
51 569 38
51 812 15
51 838 16
52 299 26
53 381 24
53 866 13
53 777 33
54 837 33
54 785 40
55 671 36
55 142 13
55 928 21
56 751 10
56 79 44
56 342 20
56 416 41
56 516 39
57 219 15
57 748 40
57 634 29
58 627 43
58 313 27
58 473 31
59 266 34
59 374 48
59 63 24
59 304 25
60 72 24
60 248 23
60 261 41
60 302 47
60 595 35
60 623 39
61 128 28
61 428 46
61 567 29
61 714 19
62 770 43
62 800 11
62 895 18
62 952 33
63 644 12
63 213 46
63 362 43
63 913 15
64 334 14
64 476 35
64 421 21
64 854 41
65 561 27
65 167 30
66 362 43
66 510 30
66 481 46
67 377 14
67 898 11
67 757 32
68 650 29
68 254 41
68 829 48
68 916 27
69 966 32
69 530 26
69 533 22
69 563 30
70 647 12
70 529 37
71 977 16
71 221 33
71 226 26
71 467 42
72 250 28
72 921 13
72 290 40
72 800 34
72 997 26
73 627 18
73 704 39
73 159 35
73 721 32
73 845 46
73 850 38
73 900 36
74 921 24
74 969 20
74 340 42
75 450 30
75 451 30
75 162 38
75 976 11
75 985 39
76 719 27
76 772 15
76 384 18
76 482 44
77 791 24
77 773 49
77 519 39
77 646 20
77 772 26
78 688 32
78 498 35
78 422 14
78 471 44
78 911 24
79 828 49
79 681 40
79 113 13
79 435 10
79 473 28
80 769 12
80 946 46
80 229 28
80 599 10
80 652 18
81 690 20
81 737 14
81 789 26
81 882 16
82 216 29
82 966 36
82 618 20
83 279 20
83 118 40
83 945 44
84 827 12
84 387 29
84 217 38
84 909 47
85 248 10
85 410 27
85 184 27
85 779 16
86 814 38
86 602 45
86 498 12
87 979 13
87 777 39
87 148 33
87 424 48
87 948 46
88 237 13
88 497 18
88 664 18
89 725 37
89 244 31
90 646 12
90 959 47
90 152 28
90 577 36
90 633 35
91 332 48
91 627 10
91 263 22
91 297 17
91 614 26
91 651 21
92 672 16
92 131 11
92 851 13
93 878 23
93 858 22
93 252 10
94 801 22
94 230 35
95 96 27
95 881 15
96 892 21
96 613 28
96 135 14
96 393 41
96 583 48
97 318 19
97 911 14
98 772 33
98 241 34
98 344 35
99 653 30
99 616 15
99 660 11
100 586 29
100 246 34
100 210 46
101 992 34
101 508 35
101 636 37
101 694 45
102 917 30
102 278 15
102 929 28
103 717 41
103 351 16
103 712 45
103 764 48
104 242 26
104 579 10
104 378 15
104 673 37
104 860 46
105 577 21
105 876 39
105 628 17
105 804 21
106 714 39
106 806 17
106 856 33
107 579 44
108 874 21
108 443 28
109 747 34
109 364 34
109 649 49
110 204 44
110 381 43
110 246 24
110 288 38
110 343 10
111 505 42
111 234 38
111 155 19
111 650 33
112 800 24
112 660 27
112 405 33
112 727 46
113 657 19
114 710 15
114 442 42
114 258 15
114 553 35
115 731 15
115 815 48
115 886 42
116 129 17
116 456 47
116 194 10
117 183 30
117 541 37
117 539 15
117 702 31
117 761 29
118 166 13
118 798 34
118 975 33
119 707 16
119 771 29
120 412 34
120 236 39
121 144 25
121 293 40
121 323 22
121 599 45
122 552 36
122 839 14
122 612 42
122 833 12
123 425 13
123 801 44
123 207 48
124 450 27
124 431 35
124 529 42
124 531 47
125 429 15
125 372 45
125 375 49
125 716 31
125 785 46
125 793 38
125 961 43
126 248 26
126 619 37
126 241 45
126 544 12
126 549 38
126 905 26
127 982 32
127 518 45
127 551 37
128 526 44
128 816 41
128 990 18
129 422 11
129 639 16
129 721 31
129 969 21
129 986 35
130 899 48
130 242 14
130 644 10
131 401 46
131 231 13
131 318 24
131 386 11
132 188 45
132 217 22
132 543 37
133 987 42
133 382 37
133 266 45
133 925 47
134 648 43
134 246 33
134 778 15
135 378 32
135 144 15
135 300 26
135 395 45
135 415 25
135 745 30
135 963 12
136 871 36
136 526 15
136 225 11
136 383 35
136 831 24
137 507 15
137 971 49
137 981 14
138 995 16
138 435 47
138 658 14
138 867 47
139 962 36
139 952 17
139 243 47
139 307 34
139 982 45
140 329 31
140 754 38
141 405 19
141 256 16
141 206 35
141 846 13
141 927 18
142 842 24
142 389 28
142 455 21
142 558 44
143 619 49
143 913 20
144 665 41
144 523 17
144 713 26
145 308 28
145 284 33
145 571 42
145 740 10
146 700 28
146 185 18
146 851 34
147 738 15
147 306 29
147 179 22
147 611 38
147 731 41
148 498 30
148 163 22
148 479 48
148 950 42
149 901 25
149 661 34
150 550 20
150 425 47
151 169 29
151 231 27
152 712 48
152 511 32
153 956 38
153 702 23
153 345 36
153 878 36
154 419 44
154 671 47
154 755 45
155 928 19
155 963 31
156 742 26
156 865 13
157 711 16
157 739 23
157 766 16
157 902 34
158 577 24
158 782 28
158 532 16
158 537 45
158 820 23
159 285 46
159 228 11
160 643 39
160 266 42
160 274 42
160 605 31
160 671 48
160 732 45
161 697 18
161 285 39
161 235 30
161 418 21
161 779 12
161 931 48
162 626 36
162 289 49
162 389 12
163 990 37
163 802 20
164 923 23
164 727 36
164 237 32
165 539 37
165 600 46
165 370 40
165 735 19
166 241 24
166 567 36
166 256 49
166 810 23
167 880 14
167 182 45
167 425 39
168 554 19
168 827 21
168 525 33
169 769 34
169 720 46
169 970 25
170 773 29
170 735 45
170 343 43
170 843 48
171 606 13
171 847 11
171 249 21
171 562 38
172 896 24
172 867 45
172 279 47
172 687 19
173 904 44
173 185 25
173 334 23
173 566 37
174 554 33
174 301 36
175 661 31
175 860 30
176 636 11
176 185 48
176 200 15
176 350 13
177 305 27
177 954 40
177 223 41
177 716 32
178 308 11
178 545 36
178 277 44
178 495 22
179 924 34
179 509 27
179 931 21
180 671 17
180 960 42
180 466 45
181 186 26
181 699 22
182 230 28
182 782 19
182 829 30
183 187 22
183 491 38
183 747 42
183 912 21
184 582 40
184 492 17
185 468 11
185 621 45
186 930 48
186 721 16
186 426 18
186 451 10
186 482 23
186 763 48
187 815 31
187 379 16
187 317 17
187 584 14
188 940 29
188 550 48
189 907 19
189 923 36
189 874 27
190 601 43
190 364 39
190 232 45
191 397 46
191 965 12
192 605 37
192 873 42
192 439 17
192 469 31
193 787 16
193 207 39
193 915 16
194 276 21
195 853 25
195 417 43
195 691 17
195 824 42
196 346 18
196 624 15
196 212 31
196 507 13
197 569 37
197 551 21
197 253 41
198 700 37
198 960 28
199 336 47
199 580 31
199 619 14
199 886 46
200 222 45
200 346 11
201 203 14
201 279 44
201 604 19
202 885 39
202 603 20
202 648 10
202 902 21
203 316 23
203 884 24
203 211 26
203 630 16
204 693 30
204 619 32
204 994 44
205 407 12
205 785 37
205 314 16
205 410 48
205 641 15
205 700 31
205 925 38
206 557 39
206 377 38
206 911 46
208 647 18
208 514 21
208 210 48
208 697 46
208 846 48
209 773 37
209 875 20
209 327 45
209 686 41
210 978 29
211 242 18
211 866 12
211 882 31
211 940 12
211 977 44
212 863 13
212 281 13
212 309 23
212 770 26
212 998 31
213 735 18
213 505 34
213 748 49
213 901 31
214 746 22
214 706 10
214 650 44
215 462 39
215 319 40
216 349 35
216 313 12
216 495 47
216 523 12
216 646 29
217 275 26
217 642 11
217 743 13
218 520 24
218 556 49
219 921 12
219 822 40
219 596 27
219 710 21
219 926 44
219 947 23
220 975 15
220 425 40
220 446 21
220 605 36
220 634 30
221 334 10
221 938 10
221 438 24
222 813 46
222 513 27
223 737 17
223 250 37
223 863 22
224 408 12
224 355 42
224 498 29
225 590 16
226 535 34
226 561 26
226 928 48
227 770 47
227 814 27
228 395 10
228 582 10
228 826 15
228 881 10
228 990 13
229 513 15
229 887 25
230 873 34
230 280 29
230 324 42
230 972 29
231 289 20
231 746 12
232 426 43
232 455 28
232 932 25
233 638 48
233 916 31
234 687 21
234 406 27
235 555 38
235 238 26
235 957 21
235 958 14
236 812 36
236 989 15
236 736 37
236 895 12
237 490 21
238 567 13
238 408 18
239 326 28
239 906 21
239 400 22
239 884 40
239 899 32
240 242 26
240 646 43
240 695 12
240 873 46
241 294 23
242 718 22
242 271 41
242 382 27
243 273 28
244 244 18
244 244 18
244 682 11
244 776 40
245 982 15
245 724 32
245 396 13
246 888 49
246 326 12
246 360 44
246 465 26
246 672 22
247 257 21
248 464 34
248 524 41
248 717 16
249 404 19
250 473 18
250 593 31
250 809 16
251 557 22
251 286 44
251 374 27
252 915 45
253 329 16
253 554 13
254 302 10
254 652 41
254 884 38
255 808 40
255 642 43
256 864 19
256 409 43
256 627 46
256 692 22
257 930 35
257 590 16
257 894 26
258 648 13
258 738 49
259 711 31
259 626 33
260 424 28
260 536 32
261 969 28
261 586 38
261 890 18
262 622 28
263 974 27
263 585 40
263 853 39
263 871 40
264 488 37
264 533 20
264 575 29
265 928 34
265 795 26
265 335 38
265 649 40
265 863 18
265 944 21
266 867 31
266 754 34
266 754 11
266 992 12
267 696 40
267 402 29
267 750 30
267 951 29
268 823 35
268 412 43
268 349 13
268 910 17
269 803 42
269 416 23
269 644 37
270 536 49
270 631 33
270 373 44
270 663 48
270 739 39
271 707 26
271 607 32
271 629 48
272 382 11
272 378 40
273 705 15
273 886 14
274 787 22
274 955 27
275 942 42
275 430 27
276 793 44
276 537 38
276 949 30
277 761 37
277 292 26
277 361 43
277 368 32
278 345 35
278 930 43
278 515 48
278 781 49
279 296 33
279 524 42
279 942 18
280 865 17
280 923 15
281 456 33
281 672 40
281 715 35
282 475 14
282 396 14
282 752 17
282 758 25
283 932 20
283 437 16
283 497 29
283 841 19
284 397 24
284 674 25
284 864 20
285 928 38
285 994 43
285 645 16
286 885 14
286 978 27
286 974 40
287 914 29
287 611 26
287 399 46
287 859 34
288 784 17
288 356 44
288 757 47
289 932 46
289 310 22
289 698 13
290 804 14
290 613 38
290 906 35
291 601 11
291 730 40
292 567 47
292 762 26
292 814 22
292 861 18
292 887 15
293 545 42
293 720 13
294 548 22
294 487 32
294 399 40
295 983 20
295 959 24
295 488 15
295 677 11
296 330 45
297 322 13
297 723 35
298 438 48
298 519 41
298 460 10
298 808 43
299 719 12
299 741 49
300 359 20
300 414 45
300 467 37
300 568 13
301 642 18
301 552 31
302 618 40
302 867 21
303 327 14
303 490 48
303 518 36
303 601 25
304 521 32
304 702 24
305 382 46
305 616 32
305 685 48
305 903 49
306 674 27
306 563 36
306 494 41
307 385 20
307 538 49
307 569 16
307 827 22
308 675 42
308 458 39
309 480 26
309 959 38
310 373 28
311 534 29
311 363 36
312 634 46
312 448 18
312 960 22
313 432 28
313 541 37
313 330 35
313 462 10
313 489 43
314 355 34
314 807 20
315 761 40
316 462 36
316 457 24
316 801 31
318 888 46
318 341 39
318 381 17
319 607 24
319 720 43
319 499 19
319 670 12
319 692 44
320 731 11
320 962 45
320 542 37
321 339 33
321 974 16
321 445 13
321 797 43
321 995 47
322 607 29
322 892 10
322 353 13
322 518 25
322 679 25
322 749 24
323 508 33
324 798 48
324 447 18
325 988 19
325 879 38
325 450 48
325 735 46
326 406 23
326 492 14
326 607 31
327 799 22
328 596 43
328 807 25
328 407 43
328 685 14
328 745 41
328 904 45
329 616 32
329 981 25
331 517 46
331 370 37
331 448 25
332 474 10
332 819 32
332 366 27
332 496 41
332 792 27
333 370 20
334 412 47
334 581 19
334 656 33
334 750 23
334 927 39
335 472 14
336 437 35
336 355 23
337 559 26
337 981 42
337 760 35
337 916 33
337 979 28
338 913 39
338 659 32
338 505 36
338 707 49
338 790 39
339 785 40
339 449 30
339 945 49
340 982 38
340 817 25
341 672 12
341 479 38
342 866 16
342 423 37
342 622 44
342 953 30
343 678 20
343 992 31
344 968 35
345 882 36
345 796 42
346 975 23
346 610 16
347 923 19
347 373 36
347 444 18
347 845 33
347 935 37
348 917 17
348 610 37
348 469 12
348 506 47
349 610 34
350 481 47
350 718 34
351 963 43
351 504 12
351 666 34
352 751 19
352 563 26
352 427 21
352 533 16
352 866 10
353 675 47
353 493 48
353 510 34
354 690 12
354 764 16
354 966 35
355 523 19
355 631 33
355 805 29
355 899 25
356 379 47
357 469 11
357 691 40
357 570 33
358 830 38
358 954 15
359 506 47
359 839 28
359 436 15
359 768 10
360 514 44
361 551 39
361 547 29
361 824 21
362 559 37
363 882 25
363 379 20
363 576 14
364 970 41
364 727 49
364 407 38
364 653 41
364 849 37
365 864 21
365 742 16
366 991 26
366 548 38
367 965 13
367 755 22
367 459 14
367 946 40
368 838 30
368 432 17
368 443 40
368 588 47
369 811 45
369 773 36
370 508 15
370 791 15
371 820 35
371 560 32
372 582 42
372 374 12
372 632 29
372 719 12
373 411 46
374 688 46
374 795 49
375 901 44
375 419 48
376 981 29
376 934 34
376 637 14
377 722 44
377 441 49
377 801 45
377 885 27
378 745 18
378 859 40
379 785 27
379 708 43
381 526 12
381 853 10
382 731 49
382 412 48
382 682 49
382 991 41
383 474 39
383 550 16
383 834 10
384 965 13
385 468 18
385 997 23
385 759 48
385 868 45
386 576 24
387 823 41
387 506 34
387 522 44
387 856 14
388 833 13
388 956 33
388 765 13
389 545 46
390 611 38
390 476 30
391 613 40
391 569 20
391 921 29
391 964 22
392 710 17
392 973 21
393 575 12
394 776 29
394 864 41
394 508 35
394 648 30
395 770 20
395 973 35
396 458 49
397 925 45
397 516 19
398 984 42
398 989 47
398 543 18
398 848 45
399 452 41
400 797 22
401 935 26
401 875 33
403 461 32
403 993 36
403 616 39
404 946 22
404 466 33
405 807 24
405 456 35
405 660 13
405 730 10
405 912 25
406 741 22
408 993 18
408 909 14
408 939 14
409 991 13
409 565 28
410 561 28
410 591 43
410 734 18
411 861 37
411 725 49
411 960 32
412 711 33
412 431 27
413 877 17
413 662 45
413 608 21
414 527 26
414 830 17
414 879 11
415 882 18
416 775 10
416 651 31
416 675 23
416 813 32
417 585 10
417 555 32
417 502 10
418 758 38
419 482 16
419 624 18
420 781 35
420 957 20
421 917 14
421 625 47
422 733 23
422 689 27
422 709 37
422 914 41
423 651 25
423 951 14
424 810 34
424 722 24
424 954 39
425 520 33
425 603 13
425 955 44
427 918 45
427 480 23
428 932 31
428 525 15
429 632 20
429 712 32
429 818 42
430 774 15
430 440 12
430 693 21
431 556 21
431 631 16
432 876 48
432 484 35
433 436 13
433 779 32
433 639 29
434 723 22
434 888 11
435 692 21
435 437 33
436 901 35
437 947 11
437 489 11
438 690 43
439 485 42
439 712 13
439 728 45
439 830 30
440 966 11
440 771 46
440 812 48
441 756 12
441 594 21
441 973 27
442 574 35
442 472 15
442 554 18
442 676 16
442 681 44
443 857 46
444 621 49
445 502 24
445 999 42
446 709 22
447 610 44
448 907 37
448 653 30
449 669 38
449 846 45
450 952 24
450 659 29
450 922 48
451 644 49
451 577 49
452 567 31
452 989 38
453 637 10
453 977 27
454 603 16
454 622 24
456 506 36
456 558 39
456 734 19
457 885 42
457 478 26
458 744 18
458 726 24
459 645 30
459 643 11
459 900 31
460 731 16
460 535 26
460 669 45
460 811 47
460 922 45
461 526 45
461 578 19
461 703 39
462 695 35
462 601 30
462 729 49
462 798 21
462 855 42
463 498 48
463 465 30
464 682 31
465 483 19
467 776 45
468 752 41
469 707 32
470 882 18
470 558 23
470 502 31
470 575 26
470 920 28
470 946 32
471 989 23
471 615 49
472 488 33
472 994 16
472 701 12
473 538 12
473 706 25
474 488 48
474 617 36
475 785 41
475 702 12
475 589 17
476 633 25
476 744 15
477 489 28
477 995 22
477 503 39
477 799 38
477 869 18
477 982 30
478 818 43
478 953 11
479 602 34
479 655 12
480 821 18
480 796 28
481 498 15
481 753 42
483 536 20
483 592 47
483 652 47
484 696 11
485 499 37
485 909 47
485 748 32
485 903 11
486 980 48
486 565 10
487 516 37
487 821 20
488 947 10
489 679 38
489 910 23
490 915 29
490 727 22
490 693 49
491 740 33
493 746 37
494 911 24
495 542 40
495 659 17
495 891 15
496 922 19
497 872 45
497 504 41
497 861 12
499 625 17
499 557 12
500 726 15
500 845 42
500 544 15
500 888 25
501 585 49
501 550 21
501 534 40
501 549 43
502 924 16
503 545 44
504 756 49
504 810 19
504 966 46
506 603 23
507 782 12
508 920 30
509 748 11
510 758 16
510 691 42
511 533 11
512 933 46
512 723 41
512 993 29
513 934 28
514 726 13
514 543 13
514 741 25
515 845 48
515 571 25
515 983 45
516 658 42
517 889 14
517 542 17
517 785 16
518 740 31
518 764 49
518 794 32
519 828 12
519 564 34
519 976 10
520 985 18
521 840 42
521 570 17
521 586 22
521 835 46
522 842 35
523 559 13
524 991 10
524 733 12
524 759 28
525 948 22
526 780 33
526 929 19
527 923 40
527 705 39
528 790 15
529 644 10
530 826 16
530 697 20
530 843 34
530 974 33
531 709 23
531 881 42
532 537 37
532 713 16
534 693 36
534 823 18
535 656 35
535 937 38
536 876 16
536 986 36
537 905 35
537 619 43
537 967 26
538 552 21
538 669 13
538 787 44
539 868 42
539 565 41
540 899 45
540 723 22
541 953 42
541 736 24
543 574 24
545 669 15
545 622 33
545 832 45
546 622 37
547 633 23
547 775 17
548 865 49
548 638 48
549 579 37
550 655 24
551 761 23
552 617 25
552 726 46
552 744 40
553 666 10
555 828 48
555 768 36
556 946 43
557 587 34
557 749 18
559 941 19
559 908 33
560 830 31
560 566 18
561 574 10
562 768 49
562 654 15
562 737 28
562 766 24
563 847 17
564 925 35
566 821 36
567 917 26
567 664 19
567 683 48
567 844 46
568 757 37
568 704 21
570 728 28
570 804 12
571 784 25
572 640 34
572 657 19
572 787 42
573 953 18
573 949 45
574 674 22
574 943 48
574 947 40
575 751 27
575 842 13
576 615 33
576 703 13
576 738 43
577 578 46
578 889 21
578 700 37
579 819 11
579 894 39
580 739 48
580 797 24
580 690 14
580 821 31
580 833 30
580 935 24
581 754 32
582 814 28
582 654 43
582 728 10
582 823 29
583 629 22
583 602 26
583 857 49
584 642 14
584 597 41
585 883 42
586 781 36
586 880 13
587 886 20
587 728 27
588 751 44
588 984 10
589 979 47
589 816 34
589 877 37
590 798 19
590 806 22
591 719 48
591 731 14
591 972 30
592 797 36
592 915 15
593 939 42
593 896 25
594 844 33
594 656 20
595 625 31
596 767 12
597 601 17
597 782 11
597 989 11
598 688 11
598 998 18
599 658 39
600 710 41
600 711 27
601 708 34
601 784 32
602 603 34
603 878 28
603 988 47
603 991 43
604 807 23
605 818 28
606 979 40
606 669 21
608 982 39
609 659 15
609 921 20
611 950 37
611 844 21
612 716 24
613 955 39
613 873 34
613 967 19
614 681 44
618 719 27
618 936 15
618 988 11
620 756 15
620 719 16
621 668 38
623 711 33
624 877 15
624 767 32
627 679 38
627 811 18
627 917 43
628 834 13
629 803 27
630 832 26
630 668 41
631 775 44
632 912 39
632 665 22
632 883 21
633 888 12
634 996 38
635 687 28
636 993 44
637 705 22
638 690 28
638 906 35
639 876 27
639 723 37
639 769 46
640 640 18
640 640 18
640 908 21
641 745 39
642 649 33
642 663 34
642 758 17
643 928 34
645 791 17
647 670 44
647 699 41
649 977 22
650 919 37
652 852 18
655 896 44
656 666 34
657 889 41
657 813 34
657 732 27
658 788 11
658 898 39
658 995 46
661 754 29
661 701 47
661 857 26
662 777 46
662 902 26
662 689 14
664 725 26
665 785 20
666 807 42
667 752 43
667 835 39
668 913 31
670 923 39
671 805 10
671 681 48
671 715 11
671 730 16
674 803 41
674 969 45
674 855 41
675 857 14
675 690 38
675 704 16
675 987 24
676 684 30
676 932 47
677 730 26
677 840 19
678 858 21
678 981 25
680 873 14
680 966 19
683 772 20
683 699 16
683 938 25
684 845 19
684 990 17
684 941 18
686 886 28
686 999 44
687 785 15
688 813 33
688 930 25
689 971 15
691 901 39
693 774 14
695 877 17
695 747 23
696 990 24
696 878 22
696 799 24
696 808 33
697 783 23
697 790 29
698 864 14
699 876 21
699 705 26
700 849 48
701 899 45
702 941 19
707 753 18
708 820 30
710 721 42
711 835 38
713 761 12
713 822 37
714 943 12
714 814 13
715 871 38
716 923 14
717 747 30
718 791 19
719 889 48
720 877 35
722 990 26
724 807 14
724 888 36
724 841 28
724 926 44
725 872 18
727 798 15
728 959 38
733 985 32
736 876 47
736 997 36
738 970 26
739 829 47
740 820 24
740 908 29
740 968 34
740 984 49
741 978 29
742 744 15
742 891 31
743 974 26
746 826 39
746 987 36
748 840 42
749 837 49
750 854 15
751 781 47
751 889 10
751 980 38
755 918 20
755 756 23
756 864 38
756 965 38
757 897 26
758 778 17
760 928 15
760 876 44
762 826 34
763 852 20
764 934 48
765 780 40
766 771 16
766 950 12
767 969 26
768 927 47
768 872 43
769 971 35
769 783 30
770 914 40
771 773 16
771 774 47
771 883 22
772 794 35
772 794 48
773 847 23
773 862 12
775 839 22
777 819 40
780 822 38
780 979 35
781 819 32
781 940 25
783 908 15
783 793 42
785 936 42
786 973 29
786 801 20
787 858 24
787 933 17
788 974 33
789 840 33
790 838 30
791 824 23
791 817 45
791 868 13
792 872 33
792 918 33
795 945 12
795 961 31
797 870 25
800 877 17
800 825 14
802 985 36
803 850 16
805 902 28
805 890 12
805 983 37
808 879 38
809 926 46
809 958 20
811 877 28
811 994 41
812 891 24
813 928 16
813 956 33
815 823 13
815 962 48
816 853 43
821 915 39
821 918 32
822 952 34
822 827 11
828 934 49
828 906 11
830 919 37
834 897 47
835 889 17
835 892 28
836 956 45
836 893 35
837 985 40
838 956 20
839 914 20
841 842 24
841 847 47
841 865 27
843 898 35
846 939 42
846 943 42
847 935 48
848 897 44
850 921 45
852 974 43
858 964 41
862 986 49
865 876 30
869 963 13
870 887 32
872 907 12
875 969 21
876 958 13
876 938 46
876 944 33
883 933 20
883 954 45
884 985 15
885 919 30
887 907 27
888 970 41
892 914 15
893 897 41
896 976 17
896 962 11
899 930 46
899 942 29
904 998 40
907 924 30
909 996 49
914 920 43
918 979 18
929 963 42
937 977 25
946 998 31
947 952 14
947 965 34
957 997 25
957 971 36
964 977 35
978 993 43
979 980 42
