0 672 48
0 305 44
0 367 13
0 726 42
1 75 41
1 328 14
2 20 37
2 911 28
2 82 47
3 892 23
3 602 31
3 9 17
3 84 34
3 363 13
4 362 34
4 55 25
4 60 17
4 373 36
5 427 14
5 714 38
6 704 38
6 45 21
6 85 33
6 328 10
7 668 49
7 834 30
7 40 34
7 271 27
7 486 45
8 869 30
8 727 34
9 20 33
9 135 19
9 634 47
10 795 14
10 882 17
11 97 46
11 421 22
11 574 42
11 852 17
12 780 46
12 187 49
12 233 46
12 377 28
12 480 28
12 602 34
12 603 12
12 845 46
12 909 43
13 112 31
13 308 27
13 107 41
13 109 46
13 303 17
13 363 39
14 801 35
14 980 40
14 298 47
14 604 39
15 776 25
15 162 15
15 163 39
15 555 26
15 977 18
16 307 11
16 941 40
16 208 25
16 757 40
17 649 12
17 334 46
17 72 48
17 893 14
18 246 18
18 835 25
18 534 14
18 682 41
18 756 42
19 404 26
19 507 27
19 204 42
19 251 43
20 84 16
20 96 47
20 428 49
20 797 20
20 923 35
21 947 46
21 366 39
21 697 29
22 814 36
22 571 32
22 275 11
22 951 41
23 513 15
23 940 30
23 718 45
24 327 11
24 483 18
25 195 27
25 476 11
25 517 41
26 737 41
26 489 31
27 920 38
27 30 14
27 133 39
28 395 49
28 553 24
28 445 14
28 952 24
29 587 41
29 795 11
29 712 33
30 618 16
30 696 13
30 316 24
31 804 46
31 304 21
31 539 18
31 597 41
32 869 37
32 459 35
32 716 38
32 802 30
33 956 25
33 858 23
33 627 34
33 674 20
34 598 37
34 186 48
34 288 46
34 822 43
35 48 27
35 875 13
36 696 38
36 137 13
36 44 31
36 120 25
36 959 12
36 995 29
37 700 23
37 37 40
37 37 40
37 279 38
37 461 33
37 619 11
37 857 42
38 651 23
38 153 25
38 890 29
39 721 19
39 586 40
39 581 34
39 841 14
40 948 47
41 684 36
41 949 45
41 296 30
41 488 19
41 511 25
41 575 20
41 621 47
41 656 14
41 753 18
42 565 26
42 153 23
42 447 49
43 705 38
43 56 11
43 343 24
43 824 21
44 809 36
44 635 39
44 860 36
45 479 35
45 531 20
46 158 46
46 938 41
46 82 19
46 469 11
47 846 46
47 822 36
47 49 42
48 626 39
48 403 40
48 152 25
48 852 21
49 297 23
49 90 45
49 346 44
49 364 20
49 721 29
50 840 21
50 226 27
51 831 45
51 650 42
51 278 45
52 181 17
52 853 22
52 340 34
52 386 10
53 112 26
53 142 33
53 168 11
53 344 13
53 825 26
53 879 44
53 983 41
54 773 42
54 854 21
54 172 49
55 309 38
55 469 25
55 704 45
55 878 19
56 210 42
56 597 27
57 577 25
57 870 27
57 294 47
57 323 38
58 346 19
58 667 19
58 93 27
58 224 43
58 777 10
59 436 47
59 522 27
59 456 18
60 629 39
60 106 41
60 540 40
61 464 13
61 444 39
61 881 24
62 908 28
62 912 27
62 254 10
62 608 40
62 669 27
62 776 22
62 876 48
62 987 33
63 327 31
63 152 19
63 650 21
63 734 30
63 806 23
64 254 31
64 146 33
64 128 28
64 398 11
65 996 19
65 952 24
65 865 20
66 170 29
66 224 16
66 282 49
66 895 43
67 937 28
67 575 23
68 177 46
68 762 43
68 882 30
69 679 16
69 582 37
70 857 16
70 156 26
70 357 41
71 228 30
71 425 44
71 477 26
71 760 47
72 762 13
72 137 48
72 277 31
72 554 16
72 952 12
73 292 19
73 453 24
74 589 39
74 420 48
74 486 45
74 594 25
74 846 35
75 479 45
75 171 26
75 126 22
75 646 18
75 767 22
76 551 16
76 650 33
76 259 12
76 278 29
76 563 48
77 492 34
77 522 31
78 431 49
78 237 29
78 103 24
78 538 23
79 339 24
79 845 31
79 210 30
79 714 22
80 938 32
80 212 32
80 228 17
80 510 42
80 648 14
80 665 27
81 183 27
81 397 14
81 758 39
82 143 24
82 216 49
82 433 49
82 481 26
83 165 24
83 885 38
83 642 49
83 873 13
84 460 25
84 414 37
85 472 48
85 503 19
86 557 45
86 914 18
86 652 45
87 610 41
87 702 38
87 168 39
87 180 33
87 500 12
87 676 35
88 325 44
88 130 38
88 171 31
88 618 19
88 651 29
89 931 49
89 633 19
90 206 16
90 438 15
90 571 27
90 765 45
90 812 29
90 893 20
91 161 13
91 986 23
92 331 40
92 630 13
92 245 34
93 868 46
93 95 10
93 169 14
93 239 38
93 636 20
93 693 18
94 583 14
94 377 43
95 435 49
95 534 18
96 345 26
96 620 38
96 182 40
96 539 29
96 766 48
97 455 23
97 957 34
97 512 11
97 680 14
97 894 29
98 241 45
98 422 44
99 311 19
99 728 12
99 427 31
99 719 32
99 920 43
99 986 29
100 399 48
100 445 29
100 120 17
100 317 32
101 346 25
101 748 19
101 281 26
101 559 27
102 179 15
102 475 16
103 557 18
103 111 35
103 241 48
103 583 11
103 590 32
104 144 28
104 883 42
104 132 17
104 300 15
104 746 19
104 931 32
104 998 33
105 952 42
105 808 35
105 786 23
106 299 21
106 741 42
106 963 45
107 640 37
108 737 20
108 362 13
108 265 29
108 396 26
108 721 48
109 665 32
110 939 10
110 514 26
110 543 39
110 859 43
111 408 42
111 242 34
112 290 36
112 209 44
112 415 27
112 574 15
113 530 27
113 491 32
114 600 41
114 313 10
114 366 47
115 170 48
115 983 38
116 840 35
116 991 27
116 512 29
116 958 16
117 807 46
117 405 37
117 720 10
118 548 49
118 595 47
118 205 38
119 511 28
119 214 44
119 424 39
120 670 13
120 964 42
121 792 42
121 509 43
122 735 25
122 985 35
122 273 10
122 799 15
123 853 19
123 813 16
123 420 13
123 930 49
124 666 47
124 903 44
124 181 40
124 834 48
125 865 39
125 573 16
125 772 26
126 228 18
127 219 19
127 598 25
127 529 35
128 174 18
129 642 14
129 953 27
129 943 34
130 211 21
130 635 26
131 612 10
131 462 48
131 371 32
131 514 31
132 309 16
132 693 12
133 293 17
133 598 23
133 819 17
134 550 18
134 699 19
134 175 28
134 198 16
135 376 43
136 700 41
136 633 32
136 998 38
137 587 29
137 518 34
137 614 16
138 230 37
138 214 12
139 507 39
139 472 27
139 376 37
139 385 48
139 737 19
140 747 27
140 344 24
141 958 47
141 381 38
141 252 46
142 357 43
142 277 16
142 262 41
142 263 37
143 791 32
144 557 34
144 477 26
144 217 14
145 715 39
145 294 27
145 384 31
145 747 44
146 256 30
146 491 45
146 151 42
146 341 21
147 889 14
147 284 46
147 434 43
147 829 23
148 893 38
148 762 21
148 393 25
148 900 16
149 617 34
149 360 24
150 929 39
150 692 21
150 907 34
151 995 13
152 260 33
152 311 37
152 973 10
153 524 24
153 273 30
153 660 19
153 764 38
153 942 13
154 907 14
154 247 46
154 234 11
155 728 22
155 785 23
155 321 18
155 713 25
156 512 29
156 825 20
156 593 49
156 958 23
156 970 48
157 395 27
157 456 14
157 962 25
158 526 39
158 688 44
158 264 32
158 692 30
159 632 44
159 426 14
159 392 38
159 466 39
159 685 43
159 722 23
160 809 37
160 220 23
160 530 36
160 858 27
161 873 15
161 465 30
161 886 12
161 965 41
162 609 42
162 929 20
162 484 28
162 520 26
162 670 24
162 780 49
163 244 36
163 266 20
164 965 10
164 239 11
164 939 16
165 729 17
165 685 26
165 700 33
166 548 23
166 482 23
166 431 25
167 559 38
167 777 18
167 782 17
167 825 22
168 295 15
169 194 48
169 459 42
169 631 43
170 583 32
170 846 29
170 372 22
171 288 16
172 767 33
172 616 38
172 619 48
173 927 14
173 391 37
173 312 47
173 823 35
174 530 43
174 360 19
174 188 27
174 339 27
174 668 10
175 810 23
176 487 25
176 886 12
176 814 30
177 734 30
177 838 47
177 833 21
178 354 46
178 496 13
178 382 33
179 897 35
179 201 33
179 308 40
180 664 10
180 523 32
181 771 16
181 712 39
182 704 21
183 621 28
183 763 31
183 657 28
184 473 20
184 495 49
184 792 27
184 968 34
185 630 15
185 228 34
185 868 28
186 721 15
186 779 20
186 388 23
186 556 40
187 862 22
187 274 48
187 364 45
187 544 27
188 652 11
188 576 18
188 827 38
189 191 35
189 783 17
189 396 21
189 728 31
189 799 41
190 428 41
190 437 12
190 336 17
190 714 37
191 841 43
191 215 37
191 264 24
191 394 20
191 802 31
192 203 40
192 226 35
192 982 17
193 395 17
193 521 38
193 204 18
193 312 46
194 884 23
194 438 36
195 985 42
195 976 48
195 888 19
196 425 40
196 767 27
196 843 10
197 447 40
197 216 38
197 415 36
197 661 48
197 761 23
198 982 17
199 559 47
199 994 44
200 259 23
200 299 24
200 564 24
200 677 31
201 380 22
201 474 34
202 825 42
202 362 21
202 418 13
202 497 42
203 625 20
203 449 20
203 208 40
204 332 12
204 579 41
204 980 37
205 220 14
205 248 11
205 281 30
205 988 29
206 594 12
206 284 35
206 327 32
207 751 48
207 619 20
207 739 43
207 808 47
208 485 38
208 494 18
208 541 20
208 749 19
208 924 26
209 442 20
209 551 38
209 464 19
209 847 24
210 403 35
210 548 24
211 956 10
211 782 39
212 448 12
212 493 48
213 742 44
213 875 26
213 380 22
214 268 49
214 841 22
214 329 40
214 694 16
215 789 22
215 382 35
215 496 27
216 280 46
217 889 42
218 449 25
218 376 15
218 370 18
219 807 49
219 906 17
219 557 15
219 620 49
219 683 23
220 313 10
220 526 25
221 466 43
221 391 16
221 432 47
221 697 35
222 912 34
222 458 23
222 645 23
223 748 11
223 398 32
224 592 49
224 252 18
224 642 37
224 740 35
225 863 45
225 830 34
225 381 40
225 517 35
226 482 16
226 422 12
226 427 32
227 365 18
227 249 48
228 733 28
228 290 41
228 337 46
228 347 40
228 596 21
228 943 49
229 880 46
229 337 34
229 774 34
229 872 49
230 412 45
230 550 42
230 699 12
231 988 38
231 694 22
231 537 45
231 756 13
232 979 35
232 766 44
232 664 11
232 805 26
233 859 16
234 488 10
234 330 43
234 349 16
234 401 41
235 961 28
235 550 44
235 270 40
236 865 46
236 292 28
236 785 30
237 464 39
237 594 39
237 795 22
238 777 34
238 741 15
238 669 45
238 870 18
238 896 23
238 989 46
239 698 34
239 608 27
239 842 16
240 245 26
240 619 27
241 764 48
241 606 15
242 438 42
242 410 13
242 811 41
243 682 31
243 466 29
243 593 16
243 696 15
243 854 17
244 977 41
244 349 11
245 670 39
245 709 39
245 993 14
246 440 14
246 987 15
246 932 22
247 552 47
247 310 47
248 406 19
249 759 31
249 887 32
250 805 48
250 294 17
250 319 15
251 739 38
251 318 42
252 422 25
252 631 15
252 795 32
252 925 20
252 941 27
253 384 22
253 538 27
253 407 28
254 928 47
255 914 22
255 629 49
255 334 41
256 653 45
256 440 14
256 333 19
256 403 25
256 476 25
256 898 20
256 929 27
257 896 17
257 986 32
258 357 43
258 541 18
258 542 27
258 836 36
259 746 10
259 606 16
259 638 40
259 807 36
260 721 28
260 990 27
260 383 37
261 382 18
261 634 40
262 757 27
262 265 20
262 423 10
262 704 32
262 954 43
263 421 21
263 291 19
263 772 23
264 732 49
264 882 47
264 974 47
265 633 22
266 348 31
266 502 40
266 522 46
266 637 45
266 889 36
267 282 26
267 583 45
268 346 23
268 813 10
268 354 21
268 470 36
269 454 17
269 390 21
269 919 18
269 963 15
270 496 14
270 610 22
271 697 15
271 600 33
272 312 10
272 572 24
272 442 20
273 545 15
273 372 24
273 907 29
274 330 23
274 898 15
274 920 31
275 320 18
275 280 33
275 287 20
275 666 38
275 936 24
276 407 23
276 449 31
276 948 11
277 933 41
277 447 35
277 625 46
278 352 45
278 660 17
279 601 39
279 700 28
279 723 22
280 341 23
280 533 48
281 671 36
281 781 12
282 501 18
282 425 37
282 917 29
282 989 40
282 995 17
283 833 23
283 456 10
283 481 14
283 599 37
284 659 27
284 453 42
284 458 49
285 449 47
285 725 47
285 898 23
286 537 27
286 312 24
286 459 27
286 494 48
287 877 35
288 790 32
289 722 17
289 884 38
290 486 27
290 433 28
291 910 15
292 294 46
292 513 33
292 960 27
292 986 49
293 594 49
293 972 21
293 646 11
294 368 47
294 650 39
295 902 14
295 705 24
296 586 12
297 689 15
297 449 17
297 350 17
297 521 33
297 702 37
297 942 42
298 551 14
298 899 45
299 714 24
299 846 19
299 633 33
300 531 49
300 463 11
300 838 33
301 950 47
301 608 48
301 658 34
302 714 35
302 916 18
302 492 48
303 701 14
304 638 24
304 947 49
304 678 14
305 331 38
305 558 27
305 928 12
306 778 39
306 622 14
307 924 30
307 853 25
307 560 48
307 921 23
308 932 12
309 739 22
309 800 23
309 955 29
309 997 11
310 909 38
310 773 20
311 897 32
311 451 45
311 901 48
312 360 39
312 932 20
313 945 22
313 574 45
313 414 17
314 841 38
314 919 47
314 320 12
315 368 15
315 924 38
315 625 38
316 435 18
317 979 19
317 837 35
318 619 45
318 335 24
318 595 37
319 891 38
320 417 33
320 547 18
320 863 36
321 437 39
321 728 30
322 437 38
322 818 47
323 833 33
323 413 21
323 493 22
323 783 21
323 784 43
324 951 17
324 794 14
324 432 41
324 501 46
325 622 23
325 413 35
325 816 36
326 878 35
326 332 19
326 491 30
326 573 27
326 628 36
326 727 18
327 605 32
327 389 40
327 452 25
327 579 30
327 652 47
327 810 27
327 828 13
328 736 43
328 536 48
328 915 12
329 761 15
329 855 35
330 707 37
331 776 15
331 336 49
332 835 36
332 431 28
333 403 16
333 495 24
334 986 26
334 493 20
334 999 47
335 966 46
336 686 32
336 590 46
337 349 32
338 789 27
338 529 47
338 374 30
338 821 11
339 349 28
340 557 38
340 549 46
341 785 10
341 498 20
342 696 11
342 715 17
342 345 13
342 359 21
342 592 46
342 694 15
343 567 11
343 632 33
343 909 40
344 735 35
345 777 21
345 526 38
345 828 44
345 836 15
345 851 47
346 460 29
346 853 31
347 364 10
348 934 11
348 940 10
349 843 20
349 585 25
350 840 40
350 386 19
350 595 31
351 943 23
351 661 49
351 487 33
352 994 30
352 778 11
352 905 10
353 470 14
353 752 12
353 474 36
353 570 22
354 783 43
354 453 12
354 607 17
355 903 42
355 644 39
356 906 34
356 909 30
356 411 44
357 671 35
358 367 10
358 918 33
358 419 41
359 413 22
359 527 29
359 897 47
360 999 18
360 429 49
360 473 34
360 927 42
361 812 26
361 751 45
362 921 29
362 959 34
362 793 30
364 634 49
364 682 25
365 732 42
365 721 21
366 544 42
367 924 18
367 577 48
367 979 41
368 497 34
368 744 31
368 582 10
368 673 44
369 432 17
369 609 43
369 903 19
370 529 31
370 442 48
371 523 25
371 847 11
372 521 15
372 864 37
373 705 38
373 623 11
374 857 32
374 628 45
374 944 39
375 628 20
375 537 47
375 518 46
376 874 11
376 394 36
376 457 34
376 901 31
376 927 29
377 480 38
377 390 27
378 668 32
378 920 41
378 648 20
378 773 36
378 834 14
378 855 16
379 437 13
379 605 49
379 510 42
379 626 36
379 864 12
379 871 41
380 935 48
381 840 13
382 442 20
382 584 41
382 749 42
383 900 16
383 444 30
384 701 41
385 880 49
385 688 41
387 555 46
387 448 20
387 422 14
387 944 47
388 782 13
389 635 25
389 662 35
390 853 47
390 874 41
391 924 35
391 475 35
391 604 47
392 497 23
393 483 49
393 465 34
395 806 34
395 588 35
395 911 16
396 839 34
397 698 37
397 606 45
397 408 12
397 449 17
397 616 19
398 996 29
398 793 38
399 565 21
399 898 24
400 864 27
400 402 37
400 653 37
400 928 14
401 448 32
401 404 47
402 753 20
402 737 41
403 786 48
404 504 29
405 504 40
405 526 31
405 597 16
405 691 30
406 922 32
406 774 49
406 820 29
407 833 34
407 768 29
407 861 20
408 434 17
409 910 42
409 874 25
409 495 39
409 851 31
410 926 39
410 578 39
411 641 25
411 630 41
412 604 30
412 493 38
413 961 15
413 672 49
413 710 12
416 696 44
416 428 16
416 875 14
416 892 43
417 578 24
417 973 23
417 613 39
418 970 22
419 787 40
419 743 30
420 851 16
421 575 15
421 691 18
421 482 45
421 552 47
423 464 34
424 531 13
424 687 31
425 697 14
425 450 18
425 640 48
425 763 38
425 777 25
425 848 16
426 696 46
426 983 45
428 544 40
428 791 38
429 595 41
429 520 26
429 750 28
430 838 37
430 564 24
431 476 40
433 456 10
434 614 16
434 830 12
435 614 42
435 820 49
435 745 47
436 622 10
436 630 19
436 470 46
436 544 31
436 759 47
436 899 21
436 970 25
437 903 32
437 769 31
437 553 12
438 747 24
438 687 31
439 863 44
439 989 47
439 752 44
439 939 12
440 551 35
440 708 43
440 489 13
441 976 48
441 764 14
441 617 49
441 800 40
443 922 41
443 749 27
443 880 39
444 818 17
445 722 37
446 624 18
446 938 10
446 891 23
447 723 25
448 945 35
448 931 11
448 472 17
448 576 16
448 829 42
449 983 25
449 612 39
450 846 29
450 491 10
450 722 49
451 596 24
451 659 21
451 991 41
452 981 12
452 912 36
452 930 25
453 566 29
454 490 27
454 819 14
454 755 36
455 488 18
455 829 35
456 741 21
457 807 26
457 596 47
458 576 32
458 801 22
458 975 22
460 999 37
460 899 36
460 725 23
460 984 42
461 981 27
462 674 18
462 707 45
462 867 28
463 656 19
464 649 49
465 816 35
466 984 19
466 725 45
467 614 40
467 826 15
467 513 13
467 654 20
468 889 15
468 671 33
468 761 35
469 894 30
469 545 30
469 974 26
470 647 17
470 751 24
471 995 26
471 717 46
472 805 26
472 797 31
473 864 41
474 580 26
474 639 38
475 966 29
475 512 18
475 624 48
475 831 40
477 948 47
477 868 47
477 900 45
477 966 38
478 583 29
478 845 20
478 894 37
479 596 44
479 927 46
479 519 19
479 565 42
480 841 22
480 507 23
480 824 20
480 840 11
481 666 49
482 762 29
483 966 36
483 947 32
483 985 32
484 724 40
484 757 10
485 678 33
485 961 46
486 866 27
486 915 29
487 790 11
487 609 41
488 733 45
488 949 19
488 964 22
489 937 23
489 668 13
489 789 19
490 910 29
490 952 46
490 934 25
491 717 39
491 978 35
492 630 25
492 526 48
492 565 17
492 957 47
494 601 35
494 991 41
496 705 17
496 883 36
497 710 43
497 644 30
497 707 12
497 887 16
498 852 32
498 729 48
498 744 42
498 800 41
498 867 12
499 914 42
499 722 27
500 967 26
500 525 39
500 738 23
500 739 33
500 874 32
501 708 31
501 548 20
501 573 40
502 829 20
503 952 42
503 784 46
504 679 30
504 506 11
504 810 46
505 805 18
505 994 19
505 585 42
505 872 18
505 984 45
506 582 18
506 539 27
506 638 47
506 662 23
506 695 14
506 841 19
507 746 49
507 549 31
508 989 43
508 793 27
508 564 11
509 607 47
509 966 38
511 536 34
511 779 15
511 981 41
512 811 44
513 930 19
514 898 13
514 594 45
515 786 14
515 762 25
516 830 45
516 825 47
517 805 10
518 996 31
519 772 20
519 892 36
521 972 30
522 819 15
522 977 14
523 840 23
524 841 47
524 811 36
524 769 16
525 971 38
525 809 44
525 906 16
526 611 39
527 990 21
527 848 48
528 900 11
528 667 42
529 966 14
529 542 33
529 808 27
530 990 43
530 906 29
531 880 12
531 727 11
531 552 20
531 715 17
531 873 19
532 880 29
532 587 22
533 960 35
533 577 16
533 599 41
535 776 24
535 779 38
535 611 38
536 652 16
537 762 29
538 980 48
540 950 20
540 695 12
540 709 35
541 880 23
541 735 25
542 897 48
543 685 40
543 566 39
543 748 40
544 816 17
544 990 18
545 928 37
545 807 27
545 880 28
545 934 12
546 593 30
546 857 11
547 721 40
547 987 35
548 792 31
548 994 20
550 716 40
550 694 36
550 881 43
550 996 11
551 691 21
551 968 40
553 777 22
554 764 34
554 674 11
554 877 31
555 886 47
555 731 13
555 803 35
556 971 38
557 929 48
557 588 17
558 828 35
558 824 41
558 649 46
558 655 27
558 681 11
559 996 34
559 762 27
559 938 32
560 901 42
560 796 41
561 796 26
561 753 39
561 719 24
561 790 27
562 742 39
562 965 30
562 677 10
562 981 33
563 706 30
566 992 25
567 799 14
567 758 31
567 870 40
568 629 28
568 731 35
568 842 40
568 850 26
568 917 39
569 866 14
569 646 11
569 589 30
570 941 30
570 940 42
570 975 16
571 944 28
571 997 34
572 632 48
572 978 47
572 817 14
572 861 14
572 969 35
574 819 45
575 965 32
576 992 31
578 650 37
579 865 22
579 973 13
580 691 32
580 788 19
580 605 38
581 640 20
581 780 25
582 687 21
582 708 26
583 821 23
584 767 37
586 796 38
586 819 13
587 600 33
587 786 21
588 660 47
588 755 38
589 654 26
589 624 49
589 686 32
589 726 44
591 708 49
591 637 20
592 709 14
593 857 41
597 946 25
598 762 43
598 684 32
600 859 42
601 911 37
602 754 11
603 662 13
603 775 38
604 698 21
604 931 34
605 883 35
605 753 11
605 891 36
606 815 38
607 748 24
607 862 12
608 993 27
609 757 39
610 616 14
611 762 49
611 926 18
612 946 31
612 675 13
612 708 16
612 933 27
613 798 20
613 643 17
613 742 15
613 821 23
614 826 19
615 656 13
615 885 25
616 804 29
617 857 46
617 820 34
618 763 33
620 910 40
621 651 19
621 715 43
622 779 28
622 755 45
623 682 36
626 677 42
626 992 33
627 904 25
627 913 21
628 658 42
628 838 16
628 929 24
629 845 17
629 855 26
629 691 29
630 898 21
630 789 26
630 859 11
632 876 47
632 879 12
634 730 38
634 787 27
634 787 18
635 935 36
635 767 37
636 687 28
637 737 25
638 972 46
639 655 40
640 894 21
640 860 41
641 970 43
641 986 24
641 902 33
643 821 37
643 980 12
644 997 36
645 755 34
645 680 12
645 895 36
645 910 32
646 919 28
647 909 20
649 736 24
649 954 48
650 651 37
650 813 12
653 701 38
653 914 34
654 789 46
654 656 37
655 737 49
655 685 33
655 933 30
657 698 49
657 781 41
658 923 38
659 811 46
661 906 28
661 961 14
662 663 48
662 935 34
662 967 30
663 704 46
663 774 34
664 946 35
664 742 35
664 921 42
665 875 21
666 962 29
667 776 14
667 930 12
667 871 20
668 737 38
669 778 14
669 887 28
670 945 47
671 803 29
672 963 45
672 743 32
672 904 13
673 966 23
673 729 31
674 885 41
675 837 45
676 875 23
676 953 12
678 807 27
679 942 20
679 869 36
679 734 31
681 775 27
682 950 16
683 906 18
684 782 28
686 752 22
688 903 17
688 845 37
688 849 12
689 704 33
689 712 12
689 754 44
689 914 45
689 959 28
690 886 46
690 929 34
691 946 28
692 873 47
695 765 19
696 793 37
697 710 39
697 794 29
698 934 41
699 803 35
699 957 21
701 984 22
701 941 48
701 748 15
701 812 20
701 982 12
702 797 45
703 864 27
703 917 37
703 771 45
705 920 38
705 754 36
706 731 21
706 897 25
706 941 25
707 836 17
707 798 10
710 876 39
711 731 16
711 736 43
712 803 13
713 924 38
716 816 44
717 898 26
718 885 44
718 724 41
719 853 30
720 891 43
723 801 37
723 814 21
724 803 20
726 854 21
727 856 45
728 790 46
730 829 42
731 964 43
731 910 26
732 893 46
733 764 49
733 911 15
735 889 32
736 987 48
736 995 16
736 916 33
737 955 20
738 958 27
739 817 12
739 827 19
740 900 39
744 932 16
745 802 17
745 951 21
746 762 42
747 977 46
747 758 48
748 815 37
748 985 44
750 786 37
751 850 10
751 953 14
752 967 18
752 769 17
754 840 33
755 826 11
755 969 31
758 922 36
759 998 41
759 869 32
760 872 45
762 839 39
762 849 21
763 925 19
764 983 33
764 822 31
766 967 21
768 776 37
770 917 42
770 904 32
770 926 40
771 812 40
771 903 29
771 979 18
772 846 32
773 968 35
773 916 30
775 949 21
776 936 36
776 884 31
776 947 46
777 830 45
779 960 39
780 936 13
782 898 42
782 786 39
782 905 10
783 908 27
785 888 31
785 886 24
788 993 38
788 879 36
788 948 17
790 883 49
791 974 13
791 858 43
794 825 14
795 813 12
795 965 22
796 960 21
796 856 44
796 976 35
797 976 44
798 817 17
799 837 44
800 832 25
802 918 11
802 938 33
804 927 37
805 918 17
806 992 11
807 935 43
809 970 22
813 818 41
818 919 29
818 902 35
819 922 16
823 928 42
824 856 40
825 908 12
826 867 30
826 835 40
827 885 26
831 892 37
831 937 10
832 878 23
833 903 16
835 965 42
836 925 20
841 875 11
841 913 44
843 942 28
843 956 13
843 990 33
844 924 24
844 958 45
848 967 43
850 914 17
856 960 13
859 866 38
859 966 47
862 937 35
863 891 47
864 911 38
864 945 31
864 949 24
865 904 42
869 974 14
870 878 20
874 896 26
875 890 25
877 971 34
882 889 16
884 948 13
888 908 30
891 908 31
897 937 36
906 956 15
912 962 19
916 994 37
924 968 33
930 968 41
938 950 35
940 965 27
947 970 36
959 978 48
966 983 13
971 994 27
971 980 36
979 999 46
985 988 33
