0 617 33
0 275 26
0 336 19
1 314 26
1 915 33
1 81 22
1 698 46
1 732 47
2 495 24
2 338 22
2 21 12
2 984 12
3 548 11
3 531 20
3 277 34
3 497 37
4 571 23
4 450 40
4 149 39
4 534 41
5 434 28
5 856 38
6 363 42
6 62 25
6 57 25
6 142 49
6 423 31
6 921 21
7 324 21
7 426 24
8 674 31
8 222 30
8 145 33
8 619 22
9 558 27
9 243 23
9 975 37
10 944 24
10 698 14
10 523 19
11 695 39
11 15 37
12 955 27
12 969 31
12 723 27
12 788 42
13 555 35
13 441 40
13 504 27
13 518 17
13 629 14
13 902 45
14 170 34
14 965 24
15 35 41
15 788 31
15 337 37
16 445 12
16 401 45
16 246 17
16 448 48
16 579 45
16 875 40
17 500 47
17 760 46
17 415 46
17 645 44
17 699 29
18 931 28
18 640 36
18 977 46
19 40 17
19 245 37
20 824 24
20 440 21
20 344 41
20 771 14
21 392 12
21 889 49
22 386 49
22 56 23
22 684 18
23 711 47
23 834 38
23 368 37
24 559 37
24 215 21
24 185 25
25 584 25
25 207 45
25 668 36
25 898 24
26 786 18
26 494 36
27 207 29
27 525 42
27 114 21
27 599 16
27 658 39
27 699 41
28 306 15
28 115 28
28 476 17
28 970 19
29 847 39
29 260 35
29 166 45
29 328 16
29 589 20
29 649 18
29 709 43
30 789 38
30 358 22
30 473 18
31 217 34
31 360 27
31 362 30
31 510 30
31 664 16
31 718 22
31 811 23
32 132 25
32 540 46
33 902 38
33 584 18
34 948 48
34 866 45
34 159 49
35 169 41
35 539 37
35 398 37
35 564 37
35 909 23
36 357 17
36 877 46
36 59 36
36 252 12
36 286 39
37 476 19
37 142 35
38 158 22
38 117 25
38 69 18
38 259 38
38 511 10
38 868 10
39 397 39
39 504 11
39 250 15
39 455 34
39 690 39
39 746 16
39 904 21
40 756 15
40 597 29
40 304 42
40 643 33
41 145 23
41 347 15
41 657 15
42 611 24
42 952 23
42 518 24
43 605 14
43 960 44
43 424 28
43 809 31
44 851 40
44 223 17
44 157 29
44 236 47
44 863 43
45 679 47
45 593 47
45 444 38
45 741 17
46 921 32
46 565 48
46 819 32
47 892 31
47 199 18
47 408 10
47 840 42
48 818 39
48 307 13
48 66 18
48 311 12
48 357 43
49 682 17
49 760 16
49 533 22
49 665 13
49 879 44
50 573 43
50 779 20
50 129 35
50 573 27
50 772 19
51 909 21
51 845 10
51 374 49
51 456 30
52 281 30
52 87 43
52 170 15
52 392 12
52 532 20
52 949 14
53 137 42
53 150 20
53 63 43
53 236 25
54 95 37
54 729 29
54 358 26
55 489 10
55 339 29
55 849 20
55 900 21
55 963 32
56 781 49
56 623 26
56 750 30
57 462 29
58 800 43
58 461 39
58 260 36
59 469 40
60 78 39
60 983 17
60 621 18
61 941 15
61 978 38
61 134 29
62 553 29
62 79 44
62 136 13
63 691 29
63 530 28
63 626 16
63 755 29
63 877 36
64 418 38
64 289 26
65 764 33
65 707 46
66 626 14
66 283 23
66 666 46
67 827 17
67 754 35
67 475 27
67 731 22
67 903 42
67 915 18
67 953 24
67 989 23
68 356 27
68 825 20
68 158 14
68 519 10
68 762 16
68 824 49
68 865 43
69 575 13
69 279 44
69 432 35
69 728 18
70 214 48
70 874 35
70 858 40
71 889 17
71 730 37
71 784 45
71 806 16
72 308 21
72 435 34
73 474 32
73 340 44
73 529 36
74 662 48
74 959 19
74 542 44
74 689 44
75 766 35
75 747 12
75 496 35
75 632 41
75 652 20
75 739 10
75 850 37
76 155 22
76 772 20
76 774 31
77 727 13
77 858 31
77 125 27
77 802 46
78 281 14
78 198 12
78 988 22
79 363 19
79 829 41
79 654 36
80 300 26
80 447 17
81 758 38
81 630 10
81 684 20
82 106 42
82 262 42
82 118 20
82 725 48
82 952 23
83 378 11
83 347 23
84 933 41
84 263 22
84 557 40
84 948 31
85 634 43
85 305 37
85 681 39
85 694 17
85 857 16
86 909 33
86 789 42
86 886 32
87 784 20
87 296 47
87 401 32
87 882 31
87 996 47
88 586 33
88 564 26
89 883 47
89 469 32
89 568 11
89 640 22
89 770 37
89 836 31
90 582 13
90 566 10
90 430 33
91 444 43
91 845 27
91 428 17
91 573 12
92 385 30
92 741 29
92 331 18
92 551 10
92 576 39
92 748 44
92 957 40
93 285 16
93 639 44
93 716 31
94 549 38
94 818 24
94 673 32
94 712 48
94 757 32
95 399 44
95 771 35
95 354 13
95 677 14
96 210 17
96 682 23
96 530 30
97 956 33
97 435 28
97 341 18
97 397 35
97 478 20
97 799 30
97 832 21
98 586 12
98 850 40
98 168 19
98 239 32
99 267 17
99 759 14
100 507 30
100 376 34
100 388 14
100 416 15
101 546 25
101 690 17
101 815 46
102 443 39
102 781 12
102 149 42
102 393 42
102 460 10
102 623 44
103 975 34
103 180 27
103 525 17
103 552 34
103 583 43
104 591 24
104 631 30
104 348 32
104 449 41
104 585 40
105 717 28
105 438 25
105 138 31
105 288 15
105 377 19
106 772 11
106 685 42
106 412 36
106 888 19
106 986 39
107 688 14
107 396 38
107 132 36
108 296 22
108 692 12
108 765 12
109 787 33
109 289 41
109 111 41
109 271 22
110 244 33
110 425 29
110 317 45
110 413 10
110 783 29
111 327 47
111 329 24
111 921 42
112 171 30
112 171 10
112 801 24
113 510 11
113 895 45
114 602 22
114 542 16
114 616 40
115 376 33
115 839 34
115 647 22
116 196 13
116 866 25
117 266 38
117 918 40
117 158 34
117 556 11
117 649 42
118 931 26
119 653 41
119 881 27
119 215 19
119 468 15
120 283 14
120 417 35
120 214 46
120 220 15
120 767 41
120 838 25
120 909 25
121 366 35
121 780 10
122 597 49
122 611 16
122 726 37
122 838 49
122 866 19
123 583 12
123 350 21
123 174 29
123 531 31
123 672 21
124 686 19
124 818 34
124 421 18
125 167 10
125 228 17
125 316 13
126 433 11
126 970 48
126 145 10
126 891 40
127 144 14
127 615 37
127 894 32
128 608 35
128 924 24
128 396 11
128 536 10
128 607 16
129 647 49
130 864 20
130 677 49
130 211 10
130 385 33
131 413 38
131 282 21
131 958 48
132 949 31
132 484 10
132 548 34
132 604 28
132 935 46
132 939 15
132 974 24
133 838 44
133 386 33
133 418 38
134 875 38
135 912 47
135 798 11
135 438 14
135 794 41
135 844 19
135 894 16
136 847 34
137 780 24
137 463 46
137 405 14
137 488 13
138 148 40
138 309 37
138 588 13
139 521 40
139 673 40
139 312 32
139 429 44
139 869 20
140 531 30
140 848 11
140 254 25
140 590 23
141 407 36
141 696 44
141 695 34
142 294 48
142 283 29
142 928 17
143 787 46
143 432 11
143 306 42
144 879 49
144 665 21
144 321 25
145 472 16
145 716 26
146 621 46
146 805 24
147 938 48
147 316 32
148 610 46
148 543 27
148 285 30
149 570 19
150 350 20
150 308 19
150 625 43
150 841 35
151 166 22
151 690 48
151 315 46
151 333 49
151 495 23
151 533 37
151 601 44
152 723 45
152 409 11
152 483 11
152 994 22
153 835 19
153 784 19
154 277 31
154 655 26
154 589 45
154 687 18
155 419 14
155 390 32
155 427 27
155 547 37
156 840 15
156 751 33
157 877 45
157 207 12
157 689 24
158 280 33
158 447 48
158 486 43
159 796 48
159 463 20
159 523 43
159 609 36
159 704 21
159 764 36
159 829 29
160 465 45
160 721 23
160 364 10
160 659 13
160 891 42
161 917 27
161 814 44
161 913 47
162 799 39
162 762 20
162 249 10
162 758 41
162 871 20
163 793 42
163 304 44
163 165 15
164 438 26
164 929 37
164 179 24
164 212 27
164 359 32
164 638 46
165 247 11
165 681 16
165 722 27
166 917 27
166 881 35
167 426 33
167 696 13
167 351 29
168 896 25
168 612 31
168 860 11
169 979 40
169 210 20
169 893 22
170 532 14
170 414 17
170 643 44
171 829 47
171 311 29
171 267 48
171 462 18
172 765 42
172 286 18
172 654 46
173 917 15
173 561 36
173 852 16
174 553 48
175 781 22
175 222 42
176 293 41
176 247 42
176 648 38
176 656 43
176 905 47
177 181 19
177 402 43
177 652 10
177 662 49
178 486 17
178 391 45
178 606 25
179 934 19
179 410 21
179 458 39
179 498 17
180 647 22
180 857 14
180 223 39
180 335 23
180 372 45
180 535 10
180 560 35
180 631 30
181 458 29
181 863 21
181 778 48
182 249 28
182 342 33
183 510 46
183 615 46
183 267 39
183 478 29
183 783 44
183 813 43
183 886 13
184 387 32
184 780 11
184 911 46
185 986 40
185 312 18
186 342 27
186 825 36
186 802 18
187 432 41
187 787 41
187 661 44
187 680 43
188 683 14
188 347 23
188 551 14
189 415 20
189 856 27
189 785 22
189 827 26
190 549 40
190 400 21
190 563 28
190 780 37
191 467 25
191 919 16
192 229 30
192 479 23
193 235 36
193 763 27
194 195 38
194 435 29
194 345 22
195 699 32
195 410 25
195 708 46
195 781 12
195 859 22
195 959 43
196 218 48
196 228 44
196 330 32
196 512 21
196 905 43
197 320 47
197 651 31
197 233 39
197 700 28
197 735 12
198 987 13
198 985 16
198 354 44
198 782 38
199 418 34
199 365 17
199 237 45
200 604 14
200 253 41
200 402 17
201 662 26
201 768 28
201 437 24
202 957 45
202 837 18
202 279 16
203 777 10
203 743 46
203 616 35
204 710 14
204 630 32
205 761 43
205 604 30
205 470 10
205 594 17
206 388 39
206 907 48
206 581 32
207 845 42
207 376 18
207 555 30
207 869 38
208 468 20
208 993 21
208 539 41
209 427 44
209 989 26
209 567 24
209 708 40
209 851 21
210 669 28
210 744 17
210 450 14
210 727 32
211 795 42
211 303 45
211 787 43
212 575 47
212 216 25
212 397 23
212 487 36
213 762 29
213 729 40
213 485 37
213 607 46
213 646 31
214 308 15
214 469 29
215 260 35
216 876 35
216 903 15
216 985 40
217 579 43
217 391 10
217 297 27
217 434 35
218 731 17
218 399 24
218 489 36
219 327 44
219 406 13
219 444 19
219 757 33
219 998 49
220 323 31
220 528 22
221 512 20
221 235 42
221 756 22
222 838 25
222 950 29
222 242 23
222 311 11
222 328 34
222 843 32
222 973 18
223 361 31
224 886 42
224 596 27
224 268 47
224 427 29
225 945 29
225 418 38
225 451 34
225 493 24
225 873 49
225 927 30
226 826 19
226 594 44
226 974 17
227 716 11
227 349 49
228 334 40
229 672 42
229 831 32
229 255 39
229 502 46
230 608 23
230 313 11
230 728 20
231 555 23
231 262 11
231 874 37
232 237 28
232 611 32
232 294 27
232 650 13
233 563 25
234 550 47
234 881 28
235 510 41
235 658 15
235 661 41
236 479 28
236 660 16
236 989 11
237 939 17
237 744 34
238 361 23
238 480 46
238 386 24
239 709 26
239 879 22
240 600 10
240 870 39
240 379 27
241 701 35
241 525 14
241 657 43
242 943 48
243 989 42
243 650 12
243 718 25
244 367 24
244 471 17
244 777 43
244 831 11
245 922 21
245 726 45
245 676 43
246 551 44
246 411 37
247 301 22
247 802 32
247 971 47
248 285 35
248 403 28
248 672 31
248 910 10
248 983 13
249 942 35
249 674 41
249 941 10
250 911 30
250 700 39
250 736 37
250 795 36
251 749 43
251 775 47
251 299 22
252 608 16
253 657 44
253 517 35
253 301 28
253 499 16
254 673 30
254 837 30
255 384 24
255 640 12
255 969 45
256 671 42
256 360 44
256 481 34
256 928 20
257 913 32
257 291 34
257 669 26
258 819 44
258 684 19
258 569 17
259 468 29
259 320 15
259 386 45
259 745 28
259 914 19
260 662 45
261 540 29
261 741 16
261 380 15
261 867 13
261 875 17
262 951 43
262 541 25
262 296 46
262 613 36
262 749 48
263 879 20
263 357 33
263 705 17
264 754 47
264 737 29
264 344 33
265 371 30
265 675 41
266 935 10
266 760 45
266 284 14
267 557 12
267 997 43
268 297 46
268 555 21
269 376 40
269 682 49
269 644 34
269 836 42
269 908 35
270 975 25
270 366 16
270 457 32
270 915 26
270 968 21
271 697 13
271 359 16
271 646 41
271 695 46
272 792 16
272 823 14
272 984 37
273 579 29
273 355 44
273 590 39
273 667 26
273 738 41
274 859 37
274 621 32
275 617 14
275 964 43
276 353 23
276 309 19
277 760 20
277 415 11
278 919 16
278 536 27
278 669 36
278 702 13
278 912 22
280 844 14
280 378 27
280 479 33
280 658 14
280 973 33
281 743 35
281 289 44
282 332 40
282 337 39
283 665 32
283 878 48
283 951 48
284 500 31
284 465 39
284 683 38
285 951 37
285 347 23
285 786 40
286 387 49
286 327 35
286 538 20
287 485 35
287 583 20
288 350 24
288 880 35
289 959 45
289 400 14
289 417 15
289 789 21
290 305 27
290 593 22
290 405 33
290 841 44
290 981 33
291 390 18
291 791 18
291 550 18
292 892 22
292 629 42
293 552 22
293 811 21
293 323 15
293 624 35
293 694 33
294 771 18
295 305 18
295 939 17
295 610 41
296 453 23
297 791 23
297 481 32
298 942 21
298 821 22
299 692 25
300 904 11
300 887 19
300 580 17
300 842 32
301 452 34
301 637 28
301 907 27
302 898 15
302 633 14
303 853 14
303 356 45
303 516 40
304 321 34
304 500 23
304 517 41
304 676 49
305 517 28
305 561 29
305 655 17
305 839 46
305 850 19
306 421 32
306 420 12
307 347 45
307 519 13
307 835 39
307 870 20
308 508 48
308 412 43
308 856 13
309 808 35
310 902 13
310 911 45
310 368 37
311 817 42
312 370 12
313 520 37
313 468 23
313 453 17
313 898 35
314 481 13
314 317 38
314 872 47
315 432 21
315 630 43
315 671 20
315 979 11
316 594 46
316 704 13
317 413 25
317 823 41
317 923 33
318 738 23
318 422 28
318 862 14
319 847 14
319 859 36
320 995 21
321 425 27
321 772 19
322 778 32
322 806 11
322 446 40
323 579 40
323 468 34
323 487 35
323 709 17
324 786 20
324 928 42
324 333 12
324 452 38
325 385 40
325 867 13
325 470 46
325 729 28
325 923 12
326 763 12
326 614 13
326 474 15
326 957 30
327 949 27
327 847 24
328 591 45
328 887 27
329 344 12
329 349 31
329 584 48
330 523 17
330 494 25
330 559 47
331 653 40
331 564 25
331 754 33
331 813 22
331 857 13
332 938 23
332 782 45
332 378 46
332 475 41
332 715 13
332 890 27
334 644 15
334 402 12
334 612 24
335 590 34
335 366 26
335 816 47
336 531 42
337 354 13
337 930 33
338 729 39
338 691 23
339 750 26
339 756 18
340 629 20
340 716 35
340 461 41
340 682 23
340 883 46
341 892 37
342 632 21
342 523 24
342 982 28
343 555 33
343 739 46
343 618 28
345 850 24
345 443 49
345 773 40
346 603 47
346 457 35
346 641 42
347 394 45
348 572 38
348 721 22
348 760 10
348 845 36
349 589 43
349 454 28
349 482 38
349 526 27
350 873 42
350 887 30
350 382 19
351 688 33
351 510 20
352 602 38
352 414 22
353 434 10
353 736 40
353 724 21
353 753 13
354 441 44
354 933 47
355 407 11
355 750 33
355 791 11
355 844 25
356 564 42
356 403 12
356 967 48
357 945 11
357 424 40
357 503 37
358 617 35
358 543 49
359 913 15
359 988 18
360 803 47
360 570 47
360 387 21
360 796 10
360 840 27
360 963 21
361 997 37
361 627 37
361 711 18
362 501 13
362 714 32
362 897 34
363 564 23
363 476 38
363 384 18
363 603 19
363 906 40
364 852 19
365 545 48
365 482 44
366 650 29
366 515 35
367 631 43
367 617 36
367 743 39
367 960 42
368 413 14
368 490 18
369 846 13
369 855 29
369 717 40
369 810 18
370 726 48
371 723 38
371 862 14
371 411 44
371 501 32
371 650 12
371 993 21
372 445 15
372 773 43
373 865 17
373 591 10
374 816 43
375 866 38
375 585 26
375 576 32
376 835 16
376 390 20
376 401 29
376 549 34
376 659 46
377 611 20
377 807 40
378 721 13
379 557 36
380 814 16
381 964 15
381 678 30
381 402 34
382 931 26
382 829 11
383 749 46
383 744 47
383 553 13
384 477 30
384 412 35
384 828 38
385 622 30
385 861 17
385 991 36
386 527 22
387 885 32
388 888 21
389 809 29
389 985 49
389 976 18
390 860 46
391 785 42
391 919 32
391 724 47
391 800 30
391 990 48
392 702 45
392 439 17
393 930 22
393 545 20
393 826 48
393 985 23
394 646 31
394 840 17
395 744 47
395 981 42
395 580 22
396 836 27
398 442 35
398 561 40
398 577 36
398 811 27
399 649 36
399 841 32
399 693 34
400 588 33
400 729 12
400 406 22
400 465 18
401 511 30
401 692 48
402 958 47
403 928 14
404 796 46
404 774 10
405 445 23
406 663 19
406 454 29
406 685 43
407 478 34
407 751 28
407 760 49
407 808 37
407 858 41
408 813 33
408 706 24
409 491 30
409 798 21
409 482 25
409 550 47
409 792 21
410 987 17
410 648 15
413 426 45
414 416 23
414 490 42
415 453 37
415 631 27
415 900 35
416 754 32
417 434 20
418 852 29
418 814 28
418 956 20
419 896 26
419 773 10
419 513 23
420 721 10
420 727 35
421 562 22
422 541 14
422 491 20
422 464 45
422 526 19
422 876 20
423 846 42
423 685 24
423 720 25
423 819 18
423 970 13
424 751 18
425 900 48
425 795 44
425 745 38
426 627 18
426 543 22
426 592 24
426 853 34
427 450 44
428 771 23
428 955 22
429 581 16
429 740 31
430 996 18
431 844 12
431 912 49
431 826 16
432 493 40
433 620 27
433 779 49
434 474 43
435 436 39
435 442 17
435 608 21
436 794 16
436 454 17
436 633 34
437 892 35
437 466 48
437 562 39
437 741 45
438 928 39
439 716 47
440 669 27
440 982 20
440 578 33
440 655 45
441 889 13
441 812 40
441 816 20
441 995 13
442 659 14
442 716 25
442 606 45
442 929 38
443 654 22
443 494 15
445 975 16
446 810 36
446 701 17
446 936 14
447 655 29
447 587 21
447 670 30
448 821 12
448 815 30
449 646 13
449 980 23
451 968 40
452 911 19
452 514 27
452 683 12
452 750 45
452 796 30
453 538 45
455 808 31
455 849 44
456 899 45
456 554 11
456 596 39
456 866 45
457 923 27
457 675 43
458 963 10
459 696 37
459 811 22
459 642 18
460 687 13
460 735 10
461 962 39
461 480 40
461 897 15
462 799 36
463 784 21
463 901 25
464 718 28
464 539 26
464 569 25
465 930 32
465 937 16
466 469 29
467 727 18
467 890 16
467 744 19
469 597 15
470 633 21
471 682 40
471 927 34
471 544 29
471 950 41
472 802 32
472 541 13
473 987 45
473 488 44
474 486 37
476 561 21
477 910 27
477 845 37
478 983 11
480 560 18
480 492 37
480 730 12
480 805 39
483 571 35
483 520 41
484 545 44
485 577 40
486 560 47
488 839 12
489 825 11
490 759 44
490 845 40
490 884 31
491 601 28
491 938 24
491 837 19
492 938 45
493 894 27
495 680 10
496 888 35
496 586 22
496 795 17
497 938 15
497 722 37
498 565 28
499 756 39
500 913 11
501 779 10
501 964 37
502 565 31
502 628 44
503 707 39
504 766 34
504 848 38
505 781 26
505 716 37
505 967 45
506 786 25
506 866 24
507 717 41
507 940 23
508 556 16
508 607 26
508 664 34
509 718 28
509 910 13
511 566 22
511 596 21
512 577 28
512 548 23
513 677 16
513 602 26
513 742 36
513 919 36
514 540 25
515 983 12
516 610 31
517 920 11
517 588 30
517 868 25
518 522 35
519 934 26
520 594 24
521 804 33
521 812 27
522 954 14
522 761 22
522 862 49
524 879 11
524 686 41
525 994 32
525 693 27
527 929 46
527 899 26
528 666 26
528 942 45
529 956 49
529 611 47
530 945 31
531 669 24
531 890 38
532 695 19
533 980 44
534 622 23
534 876 31
535 697 42
536 692 46
537 547 44
537 827 45
537 864 42
539 934 20
540 737 23
540 553 18
540 546 37
540 752 23
541 740 39
541 586 42
543 641 18
544 880 49
544 896 21
545 774 49
546 986 46
546 892 26
547 868 14
548 717 24
548 946 35
549 813 13
549 668 22
550 663 45
550 820 36
551 627 15
552 959 30
552 943 41
553 662 47
553 991 28
554 911 13
555 615 49
556 905 21
557 593 42
557 703 10
558 562 16
558 628 16
558 992 29
559 966 18
559 918 42
560 981 13
561 662 46
561 608 37
561 933 23
562 785 28
562 922 47
563 793 42
564 882 42
565 590 18
565 565 34
565 565 34
566 614 35
566 846 13
566 870 34
567 714 11
567 698 42
567 950 30
568 627 32
568 872 32
568 874 28
568 932 11
570 753 32
571 594 26
571 640 39
571 746 17
572 603 13
572 636 35
574 747 11
574 989 23
575 754 40
575 708 31
575 818 11
575 887 26
575 943 40
576 639 22
576 931 16
576 940 22
577 637 49
577 998 23
578 728 44
578 846 21
579 799 10
580 776 40
581 896 44
581 949 30
582 615 16
582 767 20
583 788 37
583 613 30
584 935 16
584 618 29
585 669 15
587 904 42
587 918 46
589 774 39
591 646 27
591 944 14
592 623 25
592 644 16
592 818 16
592 996 36
593 619 17
594 911 24
594 701 25
594 707 38
595 918 14
595 819 45
595 842 11
597 696 30
597 733 19
597 823 22
597 937 12
598 689 35
598 735 20
598 827 42
598 848 48
599 820 31
599 714 42
599 861 14
599 877 36
600 667 13
600 694 17
600 965 29
601 730 21
601 925 44
602 657 46
602 763 33
603 713 22
603 673 22
603 712 47
604 642 44
605 767 27
605 660 18
605 788 43
605 911 45
607 675 48
608 777 12
609 637 18
609 855 16
610 744 18
610 697 14
611 835 38
613 628 13
613 781 26
614 927 10
614 641 17
615 998 24
617 929 42
617 793 34
617 766 20
618 758 24
619 998 35
620 831 18
620 786 25
620 670 48
620 734 22
621 793 37
622 840 36
622 747 41
622 662 12
622 680 33
623 640 32
623 636 27
623 947 19
624 731 24
624 910 10
625 850 15
625 785 24
626 724 31
626 686 38
627 745 25
627 854 45
627 865 20
628 864 39
628 962 10
629 931 25
629 651 21
629 925 10
631 733 34
632 634 15
632 635 20
633 770 40
634 870 37
634 912 23
635 860 47
635 779 31
636 893 12
636 822 19
637 657 47
637 808 31
637 853 14
638 749 18
638 847 25
639 737 34
639 768 35
641 859 10
641 986 37
642 694 21
642 888 42
644 803 48
645 653 23
645 939 26
646 931 16
647 877 17
648 955 25
649 726 35
649 734 15
650 736 26
651 817 28
651 742 15
651 828 36
653 655 36
653 835 31
653 763 42
656 844 27
660 958 19
660 987 14
663 998 32
663 873 46
664 753 14
666 824 44
666 790 49
667 950 33
667 944 13
668 738 31
668 789 35
668 919 14
671 993 36
672 947 10
674 816 44
676 809 31
677 699 25
677 926 16
677 978 29
678 776 10
678 693 21
679 842 16
679 790 21
679 687 32
681 688 23
681 855 10
682 912 29
683 725 44
684 697 21
684 761 15
685 737 33
686 745 46
687 702 31
688 837 48
688 762 44
688 885 18
690 714 13
691 791 48
691 952 42
691 797 34
692 880 16
692 927 32
693 793 43
693 959 39
695 793 12
696 769 28
696 774 14
696 784 41
698 907 47
701 729 33
701 810 35
702 942 45
703 999 38
703 832 47
705 919 34
706 955 17
706 743 18
706 769 45
707 710 35
709 805 12
710 890 46
710 854 11
710 768 32
711 897 21
711 787 10
713 957 13
713 973 34
715 807 35
717 730 28
717 806 36
717 863 10
718 899 49
719 986 35
719 900 10
720 790 22
721 812 39
721 962 38
722 747 38
723 844 27
729 833 16
731 851 28
732 750 14
733 963 43
734 883 30
735 824 40
737 751 44
738 906 11
738 929 46
739 799 46
739 814 12
739 961 22
740 760 22
745 833 11
745 966 14
747 799 41
748 993 20
748 968 11
749 969 25
750 821 31
751 820 29
752 792 15
752 917 45
753 920 19
754 922 12
755 894 14
755 867 47
756 830 26
756 830 49
756 936 11
756 956 42
756 977 48
757 975 40
758 924 11
759 974 33
759 790 19
763 776 22
764 877 15
765 768 26
765 934 40
766 768 16
767 993 49
767 945 41
769 790 24
771 933 24
771 917 17
772 892 49
772 916 28
774 981 46
775 932 39
775 941 45
776 896 44
777 938 15
778 905 15
779 780 43
780 802 15
782 903 19
785 792 49
786 978 48
786 804 46
787 952 14
791 978 24
792 994 47
793 976 39
794 920 20
797 838 11
798 840 13
798 985 20
799 923 29
800 810 17
800 932 10
801 822 25
802 924 11
802 982 29
803 946 15
803 954 25
804 870 34
804 834 28
806 807 36
808 961 24
814 895 17
814 964 28
815 969 38
817 890 39
817 999 13
818 852 18
820 963 26
820 992 16
821 841 12
822 831 27
822 935 38
822 951 33
825 860 48
825 902 45
826 916 14
828 946 26
830 922 40
830 884 44
831 973 36
831 971 34
834 991 35
834 889 36
834 978 30
835 850 21
836 878 39
840 895 10
842 997 39
843 946 41
846 940 13
849 912 24
849 993 15
850 880 28
851 960 14
854 888 44
856 876 35
858 979 32
860 978 44
860 990 42
869 938 17
871 969 29
881 984 39
884 948 23
885 900 43
887 893 42
891 987 43
896 941 16
901 929 40
902 981 18
904 955 22
904 972 37
906 926 18
908 934 14
914 958 11
914 972 30
919 965 45
920 968 12
922 932 31
945 960 43
951 999 17
953 954 36
954 960 37
966 976 20
995 998 42
