0 51 26
0 62 15
0 51 42
1 41 35
1 86 14
1 106 22
1 122 28
2 92 32
2 85 32
2 124 31
3 77 49
3 123 30
3 84 37
3 88 26
3 105 18
4 76 16
4 4 10
4 4 10
4 9 31
4 58 10
4 77 39
5 90 28
5 51 20
5 82 36
6 95 46
6 36 25
6 57 19
6 101 39
7 80 24
7 64 36
7 47 39
7 116 43
8 32 31
8 103 40
8 35 32
9 103 42
9 56 29
9 57 35
9 67 26
10 124 15
10 120 22
10 30 40
10 69 16
10 113 29
11 56 15
11 27 29
11 12 19
11 15 25
11 73 14
12 121 24
12 33 22
13 67 10
13 54 34
13 19 14
13 54 39
13 96 38
13 115 36
14 36 20
14 31 41
14 37 37
14 40 10
15 100 41
16 97 35
16 71 37
16 35 30
17 97 18
17 123 34
18 120 45
18 26 11
18 72 13
19 66 30
19 43 30
19 68 40
20 39 26
20 103 28
20 69 18
20 113 22
21 41 42
21 75 22
21 102 15
22 100 36
22 46 13
22 48 14
22 65 29
22 94 28
22 97 13
23 77 48
23 86 41
23 119 15
24 53 18
24 78 43
24 26 15
25 86 29
25 77 31
25 56 49
25 84 16
26 109 17
26 67 40
27 87 29
27 107 14
28 101 35
28 39 14
28 31 20
29 95 19
29 49 47
29 120 40
30 96 47
30 43 27
30 66 23
31 70 37
31 100 19
32 107 33
32 80 45
33 103 19
33 39 40
34 89 24
34 58 29
34 42 19
34 94 37
35 44 16
35 100 31
36 103 47
36 88 10
36 75 37
36 99 47
37 97 45
37 104 10
38 84 39
38 112 21
38 48 11
39 84 37
39 71 44
40 75 19
40 46 17
41 49 32
41 79 33
41 83 48
42 42 25
42 42 25
43 89 25
44 52 49
44 61 28
45 97 27
45 51 13
45 63 41
45 68 23
46 68 20
47 71 47
47 120 15
49 55 48
49 78 14
49 80 41
49 91 24
50 68 32
50 116 40
50 61 19
51 60 17
52 72 40
52 118 29
52 79 40
53 79 16
53 54 47
53 58 49
53 102 12
54 101 10
54 70 18
55 70 33
55 79 11
55 60 24
55 122 22
56 62 10
56 76 38
56 92 44
56 98 40
56 112 38
57 108 37
57 109 48
59 87 11
59 59 34
59 59 34
59 90 16
60 113 22
60 62 11
60 107 14
61 70 12
61 72 33
62 107 25
63 64 41
64 70 10
64 73 22
65 111 35
66 82 12
66 116 17
66 117 40
66 118 19
68 87 15
70 78 41
70 81 10
70 89 41
71 115 46
71 105 46
72 81 15
73 119 32
73 77 20
74 75 48
74 119 11
75 87 27
75 112 22
76 80 16
76 92 16
77 83 37
77 96 30
77 110 32
78 115 13
78 103 19
79 92 25
80 100 38
80 101 38
80 123 15
81 82 47
81 110 43
82 87 15
84 106 35
84 114 13
85 99 39
85 86 44
85 95 29
86 87 36
86 95 32
86 98 41
86 117 17
87 95 18
87 123 23
88 91 13
90 95 40
91 121 47
93 103 19
93 97 17
93 115 45
96 99 30
97 124 31
98 111 27
103 111 10
104 115 18
104 108 47
104 114 44
107 119 10
107 121 31
108 111 16
109 116 17
113 118 15
119 121 16
121 124 20
