0 69 26
0 16 25
0 5 39
0 8 15
1 76 48
1 122 12
1 75 29
2 86 45
2 74 28
2 49 31
2 57 42
3 87 19
3 14 40
3 76 29
3 106 49
4 20 38
4 14 45
5 113 16
6 105 44
6 62 24
6 56 21
7 69 44
7 29 45
8 67 45
9 96 49
9 122 37
9 95 24
10 16 49
10 93 44
10 25 14
10 48 45
10 88 30
11 103 19
11 76 34
11 18 35
11 19 28
11 36 21
11 61 41
11 66 46
11 82 42
11 123 44
12 107 35
12 76 30
12 73 32
13 124 47
13 48 27
13 96 17
14 51 11
14 46 32
14 114 15
15 17 47
15 87 31
15 53 20
16 97 29
16 56 20
17 38 35
17 80 15
17 74 34
17 108 14
17 116 46
18 56 30
18 42 18
18 82 48
18 95 37
18 109 11
19 109 17
19 52 45
20 29 14
20 28 40
20 30 15
20 51 11
21 106 27
21 87 34
21 86 12
22 40 40
22 106 39
22 31 17
22 41 35
22 88 12
22 113 24
23 37 25
23 72 22
24 109 30
24 32 23
25 55 24
25 110 27
26 114 43
26 79 23
26 67 23
27 107 42
27 42 18
27 30 10
27 47 21
27 99 28
27 107 44
27 118 39
27 120 12
28 108 32
28 95 32
28 39 18
28 68 16
28 98 36
29 101 48
29 53 11
29 105 34
30 59 41
30 97 24
31 57 34
31 64 14
31 87 33
32 79 36
32 42 12
32 73 20
32 112 43
33 98 24
33 111 17
33 46 42
33 66 45
33 115 33
34 117 17
34 38 41
35 86 47
35 64 29
36 104 39
36 78 39
37 69 42
37 74 42
37 102 37
38 54 37
38 102 11
39 53 46
39 103 25
40 109 22
40 52 47
41 121 28
41 105 42
41 107 15
42 80 12
42 104 37
43 94 49
43 87 20
44 71 31
44 108 42
44 50 32
45 118 20
45 59 12
46 114 18
46 50 31
46 77 41
47 91 14
47 54 25
47 124 25
48 86 44
49 94 39
49 117 36
50 80 25
51 80 27
51 71 37
51 93 10
52 60 48
52 122 33
53 77 39
53 65 41
54 69 42
54 78 34
55 103 16
55 88 47
56 102 15
57 85 14
57 114 30
58 102 18
58 101 48
59 61 17
60 102 35
60 97 32
61 122 17
62 91 36
62 92 14
62 121 34
63 72 43
63 88 43
64 109 27
65 124 20
65 84 27
65 99 32
67 108 18
67 102 48
67 113 33
68 98 36
69 84 45
69 73 15
69 94 29
69 115 10
69 117 20
70 116 18
70 97 23
70 83 39
71 119 47
71 93 27
71 123 31
72 80 32
72 81 29
72 86 32
72 101 37
73 96 17
74 86 45
75 94 12
75 103 27
76 116 39
76 79 31
76 101 21
77 115 29
77 106 22
78 91 16
78 100 35
79 101 33
80 112 47
80 87 48
81 122 37
81 85 16
83 86 18
84 115 16
85 96 35
85 102 42
86 104 22
89 117 22
89 123 20
89 110 45
90 108 12
90 99 13
91 104 34
92 115 44
92 107 26
94 117 28
96 100 29
96 121 10
97 116 19
98 101 14
100 108 41
100 111 20
101 119 39
102 124 17
103 118 45
104 111 25
104 122 40
107 109 31
112 119 11
115 119 18
116 117 21
120 123 31
