0 95 13
0 0 14
0 0 14
0 13 28
0 29 40
0 44 34
1 2 22
1 16 36
2 4 36
2 15 24
2 7 20
2 107 11
2 117 27
3 58 31
3 53 21
3 87 33
4 113 29
4 14 12
4 40 49
4 96 29
5 74 43
5 19 35
5 19 45
5 25 42
5 123 34
6 57 36
6 104 22
6 70 30
6 78 16
6 101 38
7 54 45
7 34 46
7 63 29
8 25 12
8 31 47
8 43 47
8 57 20
8 92 34
8 103 18
9 101 34
9 103 15
9 89 26
9 105 32
10 80 20
10 20 43
10 66 37
10 84 40
10 119 32
11 96 15
11 40 14
11 32 19
11 72 15
11 81 31
12 84 36
12 18 40
12 24 36
12 49 20
13 101 49
13 82 20
13 102 32
14 86 45
14 56 15
14 28 14
14 56 20
14 80 10
15 40 13
15 17 22
15 61 36
16 38 23
16 69 14
16 26 47
16 62 28
16 115 13
17 49 34
17 120 10
17 53 12
18 97 32
18 120 28
19 19 40
19 19 40
19 108 31
19 109 23
20 67 23
20 91 39
20 29 32
20 36 38
20 90 29
20 97 29
20 99 16
21 38 12
21 55 21
22 124 42
22 117 22
22 23 26
22 109 24
23 59 35
23 26 35
23 88 20
24 75 21
24 90 33
24 100 41
25 66 47
25 63 10
25 86 46
26 36 45
26 64 16
26 106 14
27 74 25
27 115 38
28 28 16
28 28 16
28 45 35
28 59 22
28 80 17
30 34 34
30 119 11
30 118 33
31 101 28
31 94 33
31 71 10
32 49 17
32 54 14
32 73 16
32 98 22
33 68 48
33 96 49
33 99 31
34 119 48
34 104 45
35 101 46
35 52 42
36 38 13
36 46 14
36 111 45
37 113 21
37 122 42
37 53 36
38 56 39
38 92 43
38 114 19
39 124 15
39 79 20
39 103 46
40 46 40
40 44 36
41 73 16
41 50 17
41 83 14
42 49 16
42 93 16
43 107 35
44 51 14
44 55 22
44 72 11
44 82 41
45 57 44
45 65 42
46 68 36
46 121 22
47 86 20
47 54 39
47 62 42
47 73 17
47 100 38
48 96 34
48 75 31
48 89 10
48 98 42
49 56 26
49 74 20
49 85 49
50 123 29
50 64 13
50 76 42
50 105 31
51 85 11
51 94 49
52 60 27
52 90 30
52 67 41
52 112 41
54 103 46
55 80 17
56 68 16
56 118 41
57 119 27
58 71 35
58 90 35
59 85 22
60 67 14
60 92 36
60 95 42
61 67 32
61 84 24
61 93 19
63 95 48
63 110 12
63 124 39
64 113 23
65 105 46
66 83 10
67 69 24
67 93 35
68 82 39
68 75 19
68 91 21
69 101 30
69 78 47
69 88 31
70 83 20
71 82 23
71 96 20
72 75 31
72 111 34
74 114 36
75 94 46
75 123 48
76 76 46
76 76 46
77 89 29
77 120 44
78 109 26
79 117 48
79 113 40
80 81 42
80 102 48
81 87 41
82 83 12
82 104 49
84 117 22
85 100 35
86 109 40
87 97 34
89 106 34
91 100 43
92 116 32
92 119 33
94 123 30
95 114 30
100 107 25
100 121 37
101 122 34
101 110 41
101 113 46
103 120 26
105 112 40
108 113 28
108 116 24
110 124 44
113 113 39
113 113 39
113 120 42
115 124 13
122 124 21
122 122 30
122 122 30
