0 118 47
0 107 14
0 70 25
0 168 14
0 228 26
1 94 49
1 58 41
2 118 13
2 63 31
2 106 20
2 172 30
3 117 28
3 166 35
3 31 40
3 86 31
4 151 42
4 106 17
4 38 18
5 190 18
5 134 38
5 148 46
5 150 32
6 76 48
6 205 16
6 189 14
6 238 39
7 161 10
7 137 29
8 179 36
8 24 14
8 65 45
8 96 30
8 131 24
9 245 24
9 147 14
9 114 40
9 164 41
9 181 44
10 47 32
10 237 25
10 170 27
10 241 34
11 151 43
11 82 14
11 25 44
11 166 15
11 212 31
12 65 41
12 191 18
12 234 46
13 89 18
13 26 25
13 239 42
14 176 44
14 53 10
14 59 42
15 114 22
15 219 26
15 135 32
16 139 45
16 22 34
16 63 11
17 132 49
17 248 21
17 20 43
17 219 15
18 231 16
18 48 32
18 175 37
18 209 19
18 234 25
19 241 21
19 139 19
19 162 43
19 195 35
20 24 40
20 50 11
20 128 43
20 156 16
21 110 23
21 130 39
21 67 17
21 191 31
22 127 15
22 79 44
22 153 12
23 77 10
23 240 26
23 35 29
23 37 12
23 83 23
23 137 25
23 245 34
23 247 23
24 98 32
24 203 40
24 78 18
24 119 20
24 165 25
25 181 23
25 221 40
26 141 22
26 249 13
26 58 35
26 65 15
26 111 33
26 191 38
27 145 38
27 42 19
27 69 37
27 85 34
27 98 36
28 70 39
28 134 11
28 30 18
28 126 38
28 222 41
28 227 13
28 243 34
29 204 44
29 70 44
29 159 43
29 224 46
30 151 21
30 41 16
30 236 17
31 47 41
31 33 45
31 68 44
32 234 20
32 81 35
32 214 46
33 53 25
34 209 30
34 180 44
34 44 18
34 79 14
34 189 23
34 218 23
35 168 12
35 155 22
36 133 47
36 170 19
36 52 10
36 198 28
36 229 26
37 123 24
37 173 33
38 195 41
38 53 11
38 92 49
38 157 23
39 123 41
39 50 27
39 196 33
40 153 23
40 124 19
40 71 19
41 106 49
41 91 36
41 108 36
41 121 14
42 186 36
42 93 45
42 133 18
43 110 38
43 196 45
43 48 19
43 80 46
43 118 48
43 174 21
44 125 28
44 73 41
44 172 38
44 180 44
44 246 20
45 162 18
45 174 27
45 124 31
45 175 22
45 215 21
46 161 39
46 157 15
46 146 18
46 151 11
47 82 19
47 244 16
47 56 29
47 111 45
48 147 45
48 238 25
49 127 13
49 165 43
49 62 13
50 141 30
50 74 26
51 181 28
51 96 36
52 57 18
52 56 18
52 77 43
52 143 26
52 195 12
53 157 42
53 60 31
53 85 39
53 237 37
54 160 37
54 87 13
54 136 39
54 180 41
54 225 11
55 226 21
55 81 29
55 114 41
55 186 25
56 80 40
57 231 44
57 95 42
57 97 49
57 194 16
57 240 31
58 225 17
59 184 31
59 211 23
60 123 32
60 163 20
61 154 12
61 246 47
61 130 40
61 160 18
61 160 36
62 160 36
62 74 48
62 188 47
62 235 21
63 147 21
63 95 12
63 163 32
63 208 16
63 220 38
64 71 14
64 100 22
64 116 28
64 123 49
64 176 35
65 145 29
66 163 31
66 242 19
66 231 26
67 174 48
67 156 41
68 69 36
68 125 34
68 202 11
68 240 10
69 103 28
70 204 39
70 245 31
71 208 12
71 81 49
71 123 47
71 129 15
71 179 41
72 148 40
72 183 39
72 136 21
73 188 19
73 107 36
73 201 32
74 157 16
74 243 27
75 99 43
75 213 10
76 170 15
76 168 27
77 125 33
77 79 34
77 101 14
77 204 27
78 238 42
78 82 29
79 199 47
80 159 29
80 167 23
80 182 10
81 197 23
81 99 49
81 116 42
81 168 25
82 119 37
82 128 30
82 138 38
82 242 21
83 159 43
83 166 12
84 218 48
84 242 12
84 181 32
86 192 49
87 217 20
87 174 46
87 97 31
87 108 40
88 132 47
88 222 26
88 203 44
89 157 22
89 189 37
90 121 21
90 116 46
90 147 12
91 96 35
92 205 33
93 105 16
93 153 28
93 170 33
94 117 17
94 100 47
94 233 47
95 217 44
95 213 12
96 241 35
96 138 37
96 226 43
97 171 40
97 185 32
98 210 15
98 132 12
98 161 22
99 222 48
99 112 48
99 232 40
100 204 11
100 249 21
100 113 21
101 122 36
101 207 20
102 202 42
102 233 31
103 246 26
103 223 19
103 190 41
104 184 43
104 192 33
105 133 31
105 124 13
106 187 32
106 176 37
107 110 29
108 115 11
109 114 15
109 165 48
109 115 15
109 193 48
110 237 38
110 190 25
112 176 32
113 177 49
117 119 39
117 216 36
118 229 38
119 211 23
120 140 38
120 207 22
120 242 32
121 231 18
121 133 38
121 141 26
121 212 35
122 166 22
122 178 24
124 142 37
124 228 27
124 230 44
125 220 20
126 224 35
126 147 30
127 185 32
127 223 38
129 167 22
130 196 41
130 179 25
131 240 24
132 222 45
133 192 49
134 183 23
134 196 11
135 149 39
136 220 47
137 156 20
137 231 41
139 202 22
139 173 46
139 171 20
139 196 38
139 197 24
140 200 41
140 168 21
140 221 47
141 191 13
141 227 34
142 236 10
142 197 13
143 192 48
143 193 10
143 203 49
144 220 16
144 218 23
144 205 40
145 221 46
146 209 20
147 202 33
148 214 46
149 209 45
149 173 25
150 150 19
150 150 19
151 171 12
152 178 16
152 236 31
152 169 30
152 183 24
152 222 16
153 194 32
153 164 10
153 187 13
154 200 42
154 192 12
154 218 40
155 216 20
156 186 28
158 166 26
158 195 19
158 249 39
159 226 13
160 204 38
161 220 35
162 165 46
165 189 12
166 190 42
166 241 35
167 202 32
167 216 49
168 198 49
168 229 45
169 176 12
170 173 21
170 214 43
172 205 39
172 224 47
174 220 43
175 237 23
176 194 16
177 245 34
177 241 21
177 184 40
178 180 21
178 200 47
178 230 39
179 183 20
179 210 45
181 197 25
182 235 20
182 201 41
183 244 44
184 211 42
184 208 17
184 211 42
184 219 48
184 223 28
185 215 17
186 188 42
186 247 14
187 209 46
187 223 42
189 217 19
192 222 20
193 200 12
194 210 34
196 215 11
198 209 46
198 217 26
198 235 43
199 209 12
200 238 41
201 233 15
205 248 22
206 207 42
206 219 48
206 248 22
207 211 10
207 225 18
209 236 26
209 249 46
213 222 37
213 239 36
216 248 38
217 244 46
228 246 29
232 246 34
