0 39 39
0 10 26
0 142 11
0 201 14
1 176 25
1 187 28
1 102 37
1 104 34
2 205 20
2 54 28
2 168 15
2 173 31
2 183 45
3 249 24
3 163 19
3 20 10
3 52 11
3 133 41
3 151 30
4 249 20
4 233 10
4 74 48
4 185 36
5 207 29
5 151 43
6 114 13
6 50 35
7 226 19
7 81 17
7 35 12
7 121 49
7 228 33
7 248 47
8 59 33
8 234 47
8 33 11
8 191 49
8 233 30
8 234 19
9 108 23
9 135 25
9 180 43
9 224 23
10 14 39
10 155 35
10 105 35
11 213 49
11 44 35
11 114 31
11 180 41
12 211 17
12 47 28
12 49 44
13 168 18
13 174 33
13 161 44
13 236 44
14 44 34
14 40 32
14 23 27
14 165 30
15 126 31
15 239 27
15 34 42
16 166 15
16 124 36
16 145 47
16 148 12
16 242 11
17 99 31
17 42 45
17 67 46
17 106 24
17 160 12
18 50 37
18 80 16
18 32 45
18 178 29
18 221 24
18 245 30
19 118 24
19 33 30
20 100 41
20 43 47
20 79 27
21 130 44
21 56 14
21 197 14
22 101 17
22 148 47
23 70 10
23 30 42
23 141 21
23 169 36
23 200 31
23 211 19
23 229 47
24 65 30
24 215 26
24 58 18
24 97 17
24 202 23
25 101 47
25 231 13
25 86 11
25 112 46
26 57 33
26 221 45
27 139 34
27 107 12
27 246 21
28 84 40
28 166 35
28 137 48
28 175 43
29 186 34
29 241 37
29 65 23
29 236 29
30 116 14
31 232 32
31 183 39
31 33 17
31 43 24
31 55 47
31 101 46
31 179 19
32 74 18
33 218 26
33 244 46
34 194 24
34 63 18
34 150 40
35 149 43
35 116 38
35 166 39
36 214 45
36 158 10
37 139 42
37 40 13
38 244 46
38 109 18
38 53 12
38 63 36
38 93 35
38 99 28
38 117 11
38 188 21
38 193 37
39 241 14
39 227 15
40 144 45
40 93 12
40 56 47
41 97 34
41 171 24
41 123 20
41 178 45
41 198 25
42 228 46
42 118 35
42 48 26
42 76 46
42 238 12
43 45 44
43 137 21
44 184 31
44 134 14
44 146 12
45 89 39
45 51 31
46 183 40
46 217 36
46 118 43
46 235 44
47 194 45
47 193 48
47 74 11
47 237 31
48 93 21
48 226 25
49 205 11
49 78 15
49 93 45
49 165 39
49 207 39
49 217 36
50 130 16
50 78 30
50 126 48
50 163 34
51 236 30
51 67 35
51 161 16
52 156 26
52 55 14
52 82 17
52 206 25
52 227 35
53 147 17
53 143 13
54 147 45
54 60 41
54 136 49
55 155 44
55 207 22
56 142 16
56 125 16
57 93 28
57 100 25
57 160 28
57 171 33
58 226 29
59 140 24
59 151 35
60 185 17
60 143 45
60 114 15
61 154 41
61 219 21
61 189 13
62 187 20
62 244 11
63 90 10
63 154 33
64 206 49
64 183 49
64 66 13
65 125 43
65 111 29
65 129 38
65 159 47
66 224 46
66 75 10
68 183 16
68 240 20
68 71 19
69 228 19
69 93 27
70 239 18
70 108 35
71 154 24
72 180 29
72 74 19
73 75 31
73 114 41
73 83 48
73 84 45
73 153 21
74 230 44
74 241 35
75 178 32
75 78 34
75 91 28
76 246 48
76 94 26
76 241 45
77 230 15
77 93 21
77 115 29
77 214 48
78 185 15
78 219 33
79 155 43
79 85 48
79 212 24
80 142 36
80 248 47
81 247 22
81 208 41
81 87 25
81 122 43
81 175 41
82 124 39
82 91 38
82 119 38
82 168 23
83 159 13
83 135 23
83 158 12
83 192 21
83 210 31
84 84 35
84 84 35
84 86 28
84 119 29
84 176 12
84 182 34
84 200 44
85 102 10
85 132 24
87 130 25
88 93 38
88 145 10
89 92 35
89 193 44
90 115 34
90 205 26
91 138 17
92 155 19
92 156 48
92 113 36
92 156 14
92 190 24
92 212 18
92 247 40
93 147 16
93 158 46
94 113 33
94 132 42
94 139 24
94 223 11
95 211 46
95 121 34
96 186 46
96 247 18
96 120 40
97 222 42
98 212 20
98 211 37
98 218 44
98 239 28
99 180 24
99 238 47
100 165 24
100 196 34
100 107 42
100 148 41
101 199 24
101 224 18
101 228 24
102 190 12
102 130 18
103 185 23
103 119 41
103 192 43
104 180 46
104 206 49
105 141 23
105 128 15
106 112 10
106 127 38
106 226 49
107 238 45
108 196 36
108 229 17
108 131 45
109 122 30
109 223 43
109 153 21
110 157 45
110 188 24
110 113 11
110 131 27
111 179 17
111 177 14
112 113 17
114 184 22
115 176 46
115 171 13
116 205 29
116 147 38
117 235 18
117 124 19
117 134 28
117 140 20
118 242 15
118 176 13
120 226 29
120 217 21
121 132 48
121 170 41
122 236 43
123 245 29
123 188 22
124 142 26
124 144 19
124 172 40
124 232 13
125 130 37
125 222 47
126 152 14
126 182 27
126 199 20
127 193 45
127 142 31
128 138 11
129 200 27
129 225 14
130 233 48
130 193 25
130 202 17
131 162 21
131 195 49
131 211 12
132 152 44
132 152 40
133 231 11
134 190 35
134 203 19
135 243 20
135 150 37
135 219 10
136 231 14
136 204 29
138 147 17
139 184 41
139 215 46
140 158 20
141 161 20
141 240 37
143 206 37
144 214 13
144 240 44
145 188 19
145 162 26
145 179 18
146 208 20
146 174 31
146 210 32
148 151 27
148 177 20
149 183 12
149 215 31
150 187 17
150 230 31
151 164 46
153 214 17
154 185 39
155 233 41
156 198 25
156 194 14
157 168 43
157 188 23
157 189 17
159 213 23
161 221 28
163 182 20
163 220 46
163 233 29
164 226 40
164 166 15
164 181 20
164 205 47
166 222 25
167 190 32
167 176 20
167 169 34
170 249 24
170 196 46
170 244 23
171 231 44
172 190 20
173 189 27
174 188 26
174 213 15
176 223 26
177 245 19
179 229 21
180 181 33
180 184 22
183 185 42
184 186 41
184 216 46
185 209 21
186 236 26
187 246 35
188 248 46
189 201 38
190 232 33
191 207 11
192 239 26
193 195 39
193 246 11
194 235 46
196 223 42
197 222 31
197 199 28
197 232 24
198 224 25
199 209 34
201 213 18
202 249 37
203 208 29
204 213 10
205 220 49
205 234 43
207 227 47
208 245 25
208 243 27
209 247 21
210 243 47
214 216 44
215 239 19
216 237 22
225 249 38
230 235 18
231 244 24
241 249 33
242 248 32
243 248 10
