0 17 40
0 207 35
0 22 15
0 58 34
0 210 24
1 154 11
1 141 27
2 237 47
2 15 37
2 33 31
3 47 31
3 156 42
3 63 13
3 119 21
3 157 26
3 196 41
3 219 23
4 143 22
4 100 14
4 138 25
4 143 46
5 57 30
5 26 20
6 188 25
6 115 32
6 8 12
6 35 46
6 81 23
6 191 13
7 151 45
7 193 41
7 236 42
8 218 40
8 154 47
9 111 29
9 189 30
10 46 25
10 88 25
10 16 20
11 56 16
11 150 12
11 118 23
11 166 27
11 235 10
12 218 30
12 78 15
13 92 25
13 187 40
13 202 38
14 52 25
14 213 13
14 41 15
14 169 39
14 184 38
15 160 28
15 224 30
15 86 36
15 172 19
16 103 34
16 243 11
17 229 44
17 174 48
17 147 25
18 99 22
18 175 48
18 84 23
19 210 47
19 162 38
20 177 40
20 55 20
20 94 18
20 122 43
20 134 13
21 197 35
21 50 29
21 36 18
21 61 23
21 110 42
21 151 26
22 203 12
22 60 44
23 123 19
23 243 26
23 149 12
24 112 48
24 210 43
24 63 19
24 104 39
24 106 46
24 179 26
25 92 14
25 173 44
25 87 44
25 238 27
26 249 31
26 154 29
26 49 17
26 135 40
26 249 30
27 128 26
27 240 46
27 197 43
28 56 27
28 76 46
28 54 12
28 71 35
28 80 41
28 111 10
28 153 19
29 242 48
29 105 44
29 71 24
30 94 40
30 107 29
30 195 48
31 190 22
31 55 22
31 118 42
31 160 18
31 244 43
32 150 37
32 97 12
33 36 43
33 115 36
33 242 44
34 222 30
34 164 30
34 60 37
34 200 21
35 156 45
35 64 49
35 142 46
36 154 24
36 98 37
36 130 22
37 165 16
37 93 11
37 43 36
38 139 10
38 180 39
38 74 37
38 162 41
38 212 11
38 233 43
39 152 18
39 233 24
39 69 20
39 137 30
39 183 45
39 220 25
40 57 40
40 146 21
40 48 29
40 148 14
40 215 25
41 203 23
41 156 33
42 123 11
42 128 32
42 44 48
43 249 13
43 147 15
44 73 10
44 94 27
44 224 44
44 241 29
45 248 25
45 99 37
45 107 46
45 137 23
46 187 21
46 68 21
47 71 43
47 95 49
48 86 11
48 53 45
48 73 28
49 67 10
49 89 41
49 205 19
50 188 45
50 234 47
50 59 29
50 164 38
51 183 33
51 121 16
51 100 43
52 105 23
52 244 23
53 93 37
53 170 30
54 179 43
54 76 16
54 222 33
55 167 33
55 231 13
55 244 18
55 246 28
56 216 14
56 144 33
56 223 11
57 133 33
57 245 13
57 131 17
57 209 34
58 110 39
58 127 28
58 174 44
59 64 11
59 70 17
59 133 28
59 245 33
60 231 28
61 194 27
61 207 49
62 231 21
62 226 48
62 117 19
63 65 11
63 108 42
64 86 18
65 91 43
65 67 10
65 77 27
65 100 27
65 247 43
66 162 22
66 69 36
66 104 21
66 116 19
66 173 32
66 224 32
67 145 30
67 120 12
67 176 41
68 119 39
68 136 43
69 89 38
69 122 11
70 70 36
70 70 36
70 127 18
71 170 32
72 174 25
72 84 49
72 230 17
73 115 40
73 136 42
74 222 44
74 188 22
75 156 15
75 239 15
75 130 39
75 221 12
76 191 35
76 124 16
76 133 16
76 181 37
77 136 32
78 199 37
78 85 47
78 172 15
79 162 34
79 143 47
79 194 31
79 228 16
80 81 28
80 97 25
81 191 20
82 180 31
82 117 36
83 116 39
83 214 23
84 85 17
84 108 20
84 193 31
84 204 16
85 89 36
85 120 28
86 173 36
87 172 21
87 88 27
88 239 13
88 205 42
89 177 19
89 188 33
90 212 26
90 167 49
91 105 21
91 204 42
92 240 12
92 115 49
93 158 38
93 219 12
93 194 25
94 129 40
94 191 40
94 210 47
95 98 45
95 174 27
95 145 27
96 200 22
96 184 49
96 141 29
96 216 43
96 218 31
96 227 21
96 249 49
97 143 23
97 161 49
97 219 16
97 229 36
97 235 19
98 109 38
98 193 42
99 231 20
99 109 12
100 153 27
101 165 13
101 157 21
101 190 39
102 210 17
102 129 18
102 113 12
103 222 24
103 145 35
103 106 13
104 155 14
105 246 35
105 166 47
106 187 43
107 158 20
107 213 38
108 163 17
108 186 38
108 228 32
109 185 33
109 141 25
110 203 35
111 120 34
111 132 23
111 248 23
112 233 45
112 155 29
113 186 27
113 161 47
114 127 43
114 243 12
115 151 22
115 207 35
116 146 41
116 233 10
117 248 25
117 215 40
118 231 24
119 236 26
120 148 24
121 168 45
121 159 15
121 199 41
123 157 22
123 237 43
123 175 17
123 177 37
124 173 25
124 125 24
125 171 28
126 127 24
126 130 42
127 163 22
127 171 40
127 237 45
128 212 37
128 161 42
129 129 45
129 129 45
130 160 32
130 211 25
131 153 34
131 246 13
132 165 26
133 145 49
134 243 46
134 157 34
134 225 21
135 211 41
135 171 12
136 227 32
137 174 28
137 229 31
138 205 29
138 197 40
138 225 24
139 201 24
139 188 33
140 248 33
140 151 17
140 222 41
141 144 27
141 196 42
142 142 21
142 142 21
142 166 16
142 226 11
143 207 43
143 223 20
144 226 28
144 210 23
146 177 12
146 146 48
146 146 48
146 232 43
148 174 34
149 173 28
150 239 35
150 222 28
151 186 29
151 218 28
152 156 29
152 222 19
152 192 37
152 248 37
154 220 17
155 214 23
155 204 24
156 200 40
156 162 22
156 214 49
158 234 26
158 244 15
159 184 10
159 206 21
159 203 42
160 176 46
161 169 17
163 201 43
163 206 24
163 237 39
164 243 31
164 177 33
165 170 26
165 192 34
165 236 18
166 208 15
167 218 47
167 168 20
167 211 24
167 221 39
168 247 10
168 234 24
168 245 48
169 199 35
172 226 35
172 230 18
173 191 20
173 212 22
173 227 34
173 241 31
174 214 19
174 243 31
175 230 22
175 240 42
175 247 48
176 187 10
176 206 34
177 234 42
178 205 16
178 239 42
179 190 36
180 247 34
180 243 15
181 226 36
182 193 45
182 217 47
183 225 27
184 206 20
184 198 47
185 243 49
185 219 19
185 209 21
186 243 48
186 217 32
188 220 17
189 239 17
189 239 22
189 198 48
190 234 16
190 239 10
192 201 13
192 201 10
195 211 39
200 222 30
202 230 37
202 242 34
203 215 13
205 216 11
208 221 30
213 243 30
215 239 47
216 234 30
216 238 15
217 248 43
223 240 18
232 235 44
