0 345 17
0 274 49
0 80 27
1 50 13
1 190 32
1 213 31
1 259 39
1 473 19
1 480 34
2 93 38
2 93 42
2 180 47
3 450 21
3 207 23
3 90 31
3 216 26
3 322 26
3 323 23
4 290 32
4 375 24
5 338 33
5 160 35
5 182 11
5 350 39
6 108 35
6 157 44
6 421 13
7 159 24
7 458 46
7 155 40
7 459 31
7 483 46
8 101 14
8 56 21
8 39 23
8 143 32
8 182 29
9 47 28
9 406 42
9 162 11
10 326 29
10 125 38
10 223 39
10 254 30
11 22 34
11 313 14
12 466 38
12 279 34
12 106 18
12 157 18
13 471 41
13 241 30
13 130 35
13 207 35
14 456 48
14 346 25
14 122 16
14 382 24
14 468 12
15 144 14
15 324 27
15 71 32
15 404 24
16 240 10
16 101 18
16 416 27
17 330 17
17 280 18
18 358 27
18 136 43
19 293 32
19 397 42
19 26 28
19 158 44
19 358 29
19 439 25
20 490 18
20 268 24
21 319 20
21 246 18
21 102 24
22 260 42
22 95 47
22 356 11
22 442 15
23 249 29
23 354 39
23 263 15
24 151 45
24 129 31
24 107 14
25 462 40
25 341 31
25 87 35
25 171 26
25 373 28
25 395 40
26 54 35
26 84 18
26 375 43
27 280 13
27 277 12
27 284 44
27 434 36
28 332 35
28 436 13
28 47 43
28 396 26
29 407 12
29 483 30
29 176 24
29 255 23
29 428 17
30 127 29
30 277 26
30 177 23
31 498 41
31 365 20
31 92 31
32 87 45
32 483 31
32 122 15
32 301 10
32 306 20
32 485 18
32 487 23
33 257 15
33 74 18
33 317 11
33 419 19
33 434 37
33 495 44
34 155 18
34 293 17
34 323 28
35 284 20
35 261 18
36 468 28
36 323 17
36 350 41
37 232 17
37 247 49
37 89 27
37 235 25
38 386 14
38 87 26
38 316 12
38 388 42
38 468 39
39 238 25
39 144 49
39 194 39
39 228 14
39 436 21
40 300 44
40 496 27
41 251 41
41 185 16
42 51 21
42 45 37
42 365 19
43 253 16
43 155 11
44 356 49
44 449 39
44 174 28
45 138 38
45 300 26
45 219 47
45 266 26
46 73 38
46 464 31
46 92 16
46 326 34
47 193 13
48 129 26
48 50 30
49 299 37
49 138 33
50 270 33
50 390 14
50 192 23
50 398 35
50 437 25
50 441 29
51 341 48
51 97 48
51 82 19
51 328 29
51 345 24
52 229 48
52 139 37
52 151 47
52 427 37
53 447 49
53 95 30
53 179 44
53 239 28
53 406 14
53 448 23
54 179 29
54 453 22
54 396 47
55 262 23
55 365 13
55 117 23
55 140 31
55 344 28
55 450 20
56 209 17
56 123 31
56 202 36
57 207 11
57 64 27
57 299 26
57 351 29
58 296 24
58 353 48
58 166 23
58 359 36
58 401 38
59 204 21
59 336 43
59 378 40
60 349 25
60 152 46
60 170 41
60 482 37
61 266 17
61 168 36
61 367 45
61 400 29
61 405 46
62 307 43
62 170 11
62 393 47
63 306 38
63 165 46
64 155 30
64 377 24
65 402 23
65 192 48
65 213 33
65 340 43
65 355 40
65 402 43
66 99 47
66 336 34
66 125 11
66 126 21
66 206 45
66 415 39
67 348 34
67 89 28
67 193 20
68 499 32
68 346 48
68 132 29
69 341 25
69 416 10
69 131 47
69 321 33
70 340 16
70 274 17
70 460 23
70 472 25
71 474 49
71 291 18
71 376 13
71 454 28
72 431 22
72 196 43
72 261 43
72 488 16
73 185 30
73 384 46
73 421 25
74 138 22
74 440 28
74 447 29
74 474 36
75 449 40
75 388 38
75 268 37
75 315 45
75 475 41
76 124 37
76 418 27
76 91 49
76 384 23
77 454 44
77 318 44
77 98 41
77 153 23
77 441 14
78 421 22
78 441 37
78 111 38
78 229 45
79 383 46
79 229 24
80 200 48
81 370 26
81 374 30
82 160 44
82 292 25
82 304 12
82 379 26
82 462 11
83 196 29
83 410 22
83 218 47
83 412 37
84 490 10
84 351 15
85 163 18
85 275 46
85 313 49
85 417 12
86 252 38
86 183 25
86 209 15
86 470 37
87 449 35
88 395 39
88 463 27
88 185 17
88 349 30
89 330 28
90 307 22
90 479 35
91 172 27
91 423 37
92 139 36
92 236 31
92 330 15
93 226 28
93 497 28
93 189 32
94 227 42
94 113 42
94 156 39
94 244 12
94 270 17
94 373 39
94 440 32
95 149 25
95 329 26
95 234 31
95 342 34
96 216 22
96 366 44
97 481 26
97 452 27
97 273 29
97 409 38
97 498 11
98 389 39
98 145 28
98 431 34
99 329 15
99 300 37
99 135 21
99 258 45
100 384 14
100 288 20
100 312 10
101 342 27
101 441 39
101 313 31
102 173 13
102 135 37
102 187 29
102 226 23
102 325 21
102 342 40
103 321 33
103 271 28
104 147 47
104 144 19
104 154 33
105 333 26
105 466 12
105 476 21
106 207 17
106 370 12
107 115 18
107 156 11
108 348 45
108 371 41
109 244 42
109 112 48
109 142 17
109 167 41
109 413 38
109 469 14
110 218 28
110 141 30
110 284 23
110 407 42
111 141 22
111 478 16
112 402 12
112 269 25
112 409 44
112 482 34
113 170 17
113 498 19
113 293 33
113 424 43
114 146 12
114 118 21
114 117 44
114 183 26
114 244 10
114 432 15
115 378 15
115 431 17
116 341 32
116 270 47
116 205 45
116 348 29
116 368 18
117 203 33
117 204 10
118 372 38
118 225 23
118 168 45
118 303 40
119 461 33
119 154 45
119 290 34
120 377 25
120 450 37
120 201 13
120 290 25
121 363 30
121 128 39
121 245 49
121 270 48
121 471 24
123 184 14
123 472 47
123 354 46
123 429 49
123 430 11
124 266 44
124 314 43
124 399 36
125 328 40
125 380 37
125 494 14
126 418 41
126 281 16
127 446 10
127 446 25
128 496 19
128 222 41
129 401 32
129 220 38
129 134 29
130 449 23
130 143 41
131 362 45
131 408 26
132 431 26
132 242 47
133 398 36
133 312 19
134 252 17
135 360 19
136 152 26
136 158 43
136 226 22
137 379 41
137 173 30
138 336 48
138 165 15
139 375 37
140 418 36
140 242 22
140 484 48
141 499 20
141 475 11
141 240 22
141 302 11
142 408 11
142 147 25
142 280 22
142 285 36
143 200 35
143 309 44
143 315 44
144 188 48
144 262 36
145 250 31
146 400 25
146 343 25
147 434 40
147 247 19
147 460 32
148 448 34
148 356 30
148 173 20
148 201 37
148 258 20
148 310 23
149 434 13
149 281 26
149 188 39
149 381 44
150 262 39
150 457 23
150 318 30
151 175 14
152 336 13
152 362 28
152 261 14
153 376 47
153 177 13
153 289 21
154 428 21
154 395 14
155 473 17
155 311 35
155 329 29
157 277 44
157 318 28
158 430 36
158 362 19
158 442 27
159 255 45
159 278 14
159 298 42
159 334 43
159 383 31
160 410 43
160 234 17
160 287 11
160 297 35
160 310 13
160 394 27
161 306 21
161 316 36
161 430 44
161 478 46
162 182 43
162 250 48
163 163 32
163 163 32
163 349 40
163 164 38
163 252 14
164 491 45
164 212 20
164 390 43
165 197 10
165 302 29
165 331 25
166 313 35
166 193 28
167 368 14
167 194 36
168 289 14
169 307 37
169 181 31
169 467 34
170 235 13
171 185 19
171 287 45
172 244 26
172 216 43
172 324 31
173 272 36
174 372 42
175 234 43
175 395 13
175 295 15
176 470 38
177 210 12
178 194 27
178 288 42
178 245 11
179 261 47
179 199 40
180 443 21
180 271 46
180 295 10
181 200 45
181 357 34
181 217 17
181 427 12
181 464 31
183 267 34
183 280 41
183 383 43
184 270 14
184 485 33
184 249 23
185 488 44
185 371 45
186 484 46
186 206 27
186 187 35
186 273 32
186 400 18
187 256 36
188 256 19
188 274 43
189 197 35
189 202 49
189 418 33
189 425 17
190 399 11
190 294 16
191 357 18
191 462 17
191 411 33
192 345 29
193 403 27
194 239 39
194 333 10
194 387 47
194 486 47
195 445 28
195 374 16
195 253 31
196 207 12
196 295 26
196 235 25
196 257 19
197 300 10
197 459 49
198 342 35
198 365 29
198 317 35
198 331 39
199 365 29
199 282 47
200 479 19
200 302 31
201 410 27
203 433 27
203 222 24
203 269 33
204 433 47
204 228 38
204 283 17
204 285 39
204 341 19
204 457 13
204 477 17
205 321 34
205 224 20
205 246 28
205 260 49
206 349 43
206 385 16
206 446 27
207 277 22
207 278 10
208 327 31
208 489 17
208 237 30
209 336 27
209 444 23
210 363 44
211 277 18
211 471 45
211 257 44
212 229 47
214 466 21
214 270 29
215 377 37
215 471 26
215 353 11
216 320 31
216 247 45
216 259 42
216 394 44
217 450 19
217 327 43
217 369 18
217 370 48
218 274 23
218 404 18
219 460 24
219 286 22
220 354 34
220 324 26
221 257 31
221 411 14
221 272 24
222 225 11
222 233 25
223 228 17
223 456 30
224 488 23
225 454 29
225 418 19
225 282 16
225 297 42
227 289 32
227 308 46
227 305 38
229 372 13
229 338 49
229 414 11
230 296 18
230 257 26
231 307 49
231 425 37
232 484 13
232 437 28
233 327 40
233 341 39
233 446 15
234 399 12
234 300 47
236 236 40
236 236 40
236 265 21
236 464 14
237 325 14
238 388 44
238 380 37
238 330 17
238 354 11
239 269 30
239 465 33
239 473 38
240 327 45
240 343 31
241 339 36
241 277 49
241 303 37
241 346 47
241 444 10
242 320 40
243 480 31
243 424 42
243 465 42
244 377 30
244 453 42
245 307 40
246 261 28
246 332 21
247 385 10
247 445 41
248 439 16
248 276 29
248 343 38
248 469 21
249 370 15
249 298 36
250 278 24
250 336 41
250 356 12
250 369 26
251 375 48
251 330 39
251 254 28
252 451 14
252 301 40
252 496 15
253 285 30
253 419 12
254 386 49
255 354 39
255 466 14
255 490 38
256 424 21
257 389 30
258 360 40
260 376 30
261 483 10
262 412 24
262 448 30
263 411 40
264 331 26
264 434 25
264 276 13
264 388 34
264 447 45
264 489 43
265 482 12
265 267 25
266 358 16
267 498 33
267 428 25
268 454 36
268 438 33
268 491 27
269 294 30
271 372 43
271 344 38
272 451 13
273 489 46
274 375 15
275 472 28
275 316 36
276 305 25
276 306 36
277 323 38
277 359 28
277 454 25
278 388 10
278 422 32
279 365 38
279 488 36
279 353 33
280 364 44
280 411 40
281 330 38
281 286 14
281 439 18
282 325 17
283 476 30
284 314 33
285 424 20
286 335 36
288 412 15
288 327 45
289 345 43
291 347 43
292 319 34
293 425 22
294 467 29
294 299 37
294 452 19
295 398 10
296 457 25
296 392 32
296 422 21
296 433 13
297 324 27
297 384 16
299 307 49
300 452 37
300 364 21
301 463 31
301 493 21
304 352 45
304 334 24
305 407 48
305 392 25
306 374 30
307 399 31
307 467 19
308 319 13
308 327 41
308 477 44
309 333 29
310 407 33
310 429 42
311 423 28
311 375 32
312 481 17
312 320 20
312 329 14
313 361 12
314 418 35
316 318 34
316 338 16
316 380 49
316 381 43
317 319 35
319 437 20
319 499 23
321 463 29
321 481 42
322 329 29
322 426 22
323 328 42
324 461 36
326 371 25
327 409 39
327 337 21
330 382 30
332 416 17
332 371 16
332 417 28
333 342 42
333 484 35
334 340 10
334 420 15
335 375 26
336 336 12
336 336 12
336 355 33
337 453 32
338 499 32
339 367 36
339 435 13
341 443 28
343 377 11
343 480 22
345 413 48
345 367 44
345 368 39
345 453 32
345 455 21
346 370 10
346 455 37
347 438 18
347 372 14
348 414 49
349 389 33
349 362 36
349 403 12
351 408 11
352 455 39
352 499 18
352 475 32
354 357 49
357 497 20
357 379 30
357 414 21
358 482 24
359 459 19
359 459 35
361 391 38
363 444 37
363 449 48
365 397 34
366 483 46
366 443 44
370 386 12
370 443 12
372 458 35
372 492 10
372 374 33
375 445 45
376 481 26
377 466 36
378 475 46
378 391 49
378 463 39
383 457 19
384 485 25
385 474 18
385 488 19
385 493 38
387 395 29
387 426 28
389 407 41
390 414 47
391 418 17
392 420 34
392 406 39
393 415 36
394 431 13
394 440 45
396 405 42
397 456 11
397 409 32
397 449 39
397 461 45
401 465 28
401 451 38
402 425 21
405 415 38
410 438 21
411 449 41
412 436 35
413 423 35
416 430 35
416 425 27
418 431 20
419 437 44
420 469 11
420 456 24
422 492 47
423 451 14
428 436 37
431 486 49
431 497 19
432 477 29
433 445 25
435 475 11
435 460 14
437 470 34
438 469 28
440 450 49
440 458 41
445 491 24
450 490 26
451 460 32
452 481 12
452 481 36
457 495 20
457 498 35
458 485 43
460 472 39
462 496 44
462 494 47
463 476 11
471 473 29
472 496 15
476 487 25
479 485 24
481 497 26
492 492 36
492 492 36
