0 355 40
0 494 40
0 35 21
0 71 49
0 489 30
1 243 28
1 282 41
1 78 18
1 410 46
2 465 43
2 81 13
3 425 47
3 373 15
4 95 16
4 321 33
4 313 48
4 489 30
5 293 29
5 29 48
5 171 36
5 196 11
5 336 22
5 370 47
5 406 34
6 433 22
6 423 35
6 142 29
6 496 47
7 431 19
7 288 36
7 82 22
7 285 19
7 360 29
8 272 44
8 188 45
8 84 40
8 256 45
8 358 11
8 386 33
9 145 32
9 339 40
9 77 36
9 472 27
10 87 30
10 66 43
10 251 20
10 345 30
10 456 43
11 50 21
11 478 15
11 431 34
12 497 49
12 40 32
12 73 15
12 160 21
12 467 47
12 480 24
13 90 40
13 180 33
13 443 18
14 114 45
14 181 27
14 43 30
15 217 11
15 35 39
15 208 43
16 308 14
16 356 43
16 204 34
16 363 36
17 398 37
17 415 36
17 187 16
17 241 44
17 429 37
18 468 11
18 499 20
18 49 22
18 64 30
18 150 27
18 491 33
19 124 19
19 367 31
19 82 38
19 236 24
20 480 37
20 264 20
21 329 26
21 445 46
22 104 28
22 193 11
22 151 12
22 482 10
23 300 19
23 162 18
23 40 12
23 133 19
23 499 16
24 305 48
24 61 33
24 181 49
24 302 15
24 475 16
25 418 26
25 189 36
25 202 12
26 310 30
26 108 16
27 369 45
27 260 31
27 39 15
28 234 26
28 271 26
28 55 15
28 116 46
29 172 19
29 212 46
29 465 22
30 47 35
30 449 49
30 115 25
30 293 29
30 446 28
31 486 13
31 307 41
31 374 46
31 411 20
32 334 10
32 495 22
32 147 22
32 490 31
33 49 26
33 138 21
34 77 28
34 497 28
34 369 21
35 425 47
35 356 40
36 133 33
36 427 48
37 192 49
37 286 22
37 326 26
38 397 18
38 291 13
38 265 33
39 51 21
39 452 37
40 137 14
40 425 42
41 58 17
41 135 17
41 239 29
41 270 18
41 397 17
41 456 20
42 225 35
42 286 32
42 179 12
42 275 46
43 94 28
43 70 45
44 113 31
44 238 28
44 417 24
44 420 11
44 439 12
45 433 46
45 250 32
45 282 36
45 321 42
46 464 43
46 417 26
46 61 35
47 344 14
47 401 10
47 153 16
47 194 25
47 220 48
47 271 47
48 318 41
48 144 27
48 218 47
49 216 26
49 124 12
49 226 19
49 412 38
50 117 44
50 98 21
51 492 42
51 291 48
51 200 35
51 357 21
52 406 11
52 116 21
52 109 47
53 258 48
53 373 44
54 111 20
54 90 38
54 98 33
54 381 46
55 87 34
55 136 36
55 227 11
55 313 21
56 235 42
56 134 15
56 97 22
56 430 46
57 304 41
57 201 43
57 330 21
57 471 48
58 205 22
58 337 40
58 68 29
58 88 25
58 183 29
59 116 30
59 360 12
59 216 35
59 459 26
60 362 46
60 213 22
60 415 22
60 442 42
61 194 48
62 81 19
62 465 18
62 139 32
63 185 43
63 73 42
63 164 49
64 377 24
64 76 17
64 424 16
64 432 22
64 475 44
65 411 21
65 448 38
65 80 41
65 124 16
66 83 47
66 370 21
66 178 26
67 117 40
67 74 41
68 303 22
68 204 15
68 472 33
69 430 12
69 410 21
70 179 38
70 106 33
70 318 40
71 221 34
71 441 30
71 461 17
72 164 19
72 265 17
72 209 42
72 245 10
73 248 45
73 272 37
73 294 38
74 202 48
74 147 30
74 163 15
75 201 23
75 151 49
75 304 16
76 364 44
77 357 14
77 486 43
78 132 44
78 336 42
78 375 32
78 376 36
79 493 14
79 165 39
80 289 28
81 496 27
81 173 49
81 100 16
81 445 34
81 458 45
82 334 20
82 476 45
83 97 32
83 320 12
83 378 18
83 384 12
84 329 26
84 103 18
85 162 28
85 94 25
85 176 37
86 106 28
86 90 21
86 303 33
86 484 27
87 414 45
87 461 30
87 200 10
87 224 31
87 312 14
87 348 14
87 454 35
88 186 40
88 192 33
88 392 26
89 287 13
89 234 16
89 213 14
89 258 40
90 108 35
90 207 35
90 394 37
91 127 17
91 219 39
91 335 44
92 415 10
92 351 27
92 93 14
93 298 48
93 470 46
94 376 44
94 356 41
94 269 40
95 290 19
95 123 18
96 271 11
96 363 40
96 413 24
97 264 39
98 430 24
98 136 20
98 438 35
99 142 11
99 195 47
99 133 19
99 476 27
100 486 21
100 399 23
101 344 41
101 488 23
102 465 26
102 216 25
102 140 37
103 365 49
104 372 49
104 398 38
104 113 35
104 121 40
105 249 36
105 213 13
105 323 40
105 455 14
106 189 34
107 496 14
107 474 28
108 431 30
108 309 17
108 421 27
108 478 13
109 391 47
110 493 10
110 464 40
110 437 40
111 459 30
111 198 33
112 200 38
112 172 11
112 339 21
112 449 32
113 255 15
113 269 22
114 380 16
114 241 46
114 464 46
115 454 23
115 222 38
116 293 41
116 308 33
117 265 35
117 480 41
118 466 35
118 173 27
119 345 22
119 461 27
120 172 23
120 198 17
120 163 32
120 466 46
121 370 25
121 422 10
122 301 36
122 126 33
122 324 26
122 400 20
123 413 11
123 349 31
124 371 47
124 471 29
125 339 35
125 277 47
125 198 42
125 491 28
126 490 21
126 287 18
126 185 42
126 290 42
127 175 18
127 437 49
127 128 33
128 233 38
128 377 44
128 427 36
128 469 45
129 143 41
129 353 26
129 134 37
130 429 49
130 331 45
130 468 26
131 412 30
131 488 23
131 206 46
131 229 44
132 174 23
132 480 44
133 173 18
134 412 40
134 270 27
135 410 37
135 287 45
135 138 19
136 262 40
137 349 33
137 198 29
137 450 38
138 474 49
139 213 46
139 179 21
139 219 33
140 368 35
140 297 20
140 351 43
140 360 43
141 154 16
141 408 17
141 189 40
141 225 10
141 389 31
141 447 22
142 288 48
142 186 13
143 457 15
143 194 34
143 215 35
144 411 35
144 414 11
144 147 30
144 289 20
145 300 14
145 392 25
146 493 28
146 187 37
146 155 45
146 162 22
146 168 36
146 240 37
146 395 19
148 297 48
148 367 41
149 224 38
149 370 35
149 423 33
150 416 45
151 191 16
151 287 27
152 459 47
152 399 30
152 454 23
153 421 21
153 323 47
154 361 44
154 174 15
155 486 20
155 369 20
155 379 21
156 268 35
156 439 15
156 303 39
157 345 19
157 210 33
158 186 28
158 190 11
158 191 38
158 261 28
158 337 14
158 389 42
159 440 31
159 347 10
159 209 39
159 237 13
160 338 16
160 310 18
161 389 49
161 378 32
161 364 45
161 391 44
162 347 34
162 262 29
163 344 24
163 357 41
163 372 46
163 426 36
164 187 38
164 274 11
164 334 38
165 220 19
165 272 37
165 315 25
165 349 25
165 425 29
166 227 32
166 468 18
166 483 14
167 344 37
167 420 24
167 210 49
168 265 22
168 290 20
168 309 12
168 352 45
168 398 35
168 451 11
169 343 14
169 460 39
169 361 37
169 419 13
170 428 37
170 326 32
170 448 47
171 344 18
171 298 36
171 390 14
171 398 16
172 357 34
172 476 27
173 336 31
173 182 47
173 207 47
173 328 19
174 211 26
174 381 37
174 488 35
175 323 31
175 441 30
176 446 38
176 403 15
176 444 35
177 463 16
177 270 33
177 277 46
177 429 29
178 245 21
178 180 17
178 457 49
178 465 12
179 238 35
179 416 28
179 418 49
180 180 21
180 180 21
181 216 27
181 406 28
181 427 44
182 186 39
182 483 28
183 289 45
183 365 45
184 419 18
184 424 32
184 206 32
184 230 27
184 339 28
185 346 44
186 335 46
186 327 48
187 287 25
187 275 36
187 463 21
188 294 37
188 359 32
188 319 31
188 431 35
189 484 45
189 257 14
189 359 34
190 493 49
190 359 13
191 399 19
191 432 28
192 312 45
192 284 47
192 333 24
193 369 40
193 199 21
193 223 12
193 241 47
193 300 36
193 319 48
193 477 42
194 365 17
194 260 45
195 213 16
195 282 29
195 306 15
195 347 31
195 469 45
196 221 40
196 405 46
196 485 37
197 229 32
197 352 32
197 243 44
198 393 41
198 266 44
199 211 26
199 481 10
199 278 28
200 228 26
200 435 39
201 287 48
201 283 35
202 240 21
202 449 22
203 220 32
203 450 36
204 482 17
205 386 30
205 319 30
205 259 45
206 214 23
206 332 48
206 385 20
206 393 26
207 494 46
207 325 24
207 387 46
208 349 32
208 393 45
209 239 23
210 392 37
210 407 24
211 274 25
211 465 40
212 219 23
212 387 47
212 358 35
212 444 28
213 453 48
213 238 34
214 279 49
215 456 28
215 248 41
215 252 40
216 312 13
216 227 12
216 362 12
216 379 22
216 404 29
217 289 42
217 284 38
217 294 24
217 350 11
217 396 29
218 223 27
219 372 23
219 490 25
220 400 30
220 271 39
220 462 32
220 462 48
221 436 40
221 437 33
222 374 48
223 268 34
223 295 15
223 314 35
224 339 43
225 257 22
226 330 23
227 365 26
227 381 48
227 466 20
228 454 38
228 249 44
228 383 35
229 458 33
230 311 28
230 288 40
231 392 35
231 461 34
231 486 37
232 238 31
232 417 45
232 327 21
232 340 24
233 273 48
233 327 24
233 251 28
233 356 13
233 388 23
234 248 19
234 299 25
234 367 20
234 464 49
235 331 25
235 257 21
236 483 33
237 368 12
237 351 18
238 343 49
240 394 48
242 483 14
242 272 24
242 246 36
242 248 22
242 487 26
243 359 31
243 397 34
244 296 27
244 340 45
244 267 25
245 278 35
245 320 39
246 465 19
247 302 14
247 326 26
249 298 38
250 252 42
250 448 13
250 281 23
251 289 31
251 296 22
252 485 49
252 257 47
252 383 23
253 411 45
253 424 18
254 425 36
254 254 37
254 254 37
254 496 33
255 302 42
255 424 35
256 405 41
258 320 45
259 488 32
260 384 12
261 375 45
261 328 21
263 414 28
263 336 29
264 282 14
264 375 24
264 346 18
264 355 29
265 433 46
266 406 20
267 449 39
267 385 30
268 297 33
268 276 17
269 434 23
272 363 37
273 363 24
273 382 20
274 316 22
274 436 21
275 295 10
275 412 27
275 497 39
276 461 48
276 496 45
277 322 40
277 317 22
278 357 37
278 309 25
278 338 19
279 447 27
279 428 42
279 478 48
280 376 14
280 379 29
281 361 28
281 399 39
282 479 22
282 426 42
283 344 43
283 421 15
284 380 36
284 344 25
285 323 37
285 417 15
286 479 22
286 306 36
286 341 15
286 382 28
287 461 16
287 305 18
287 311 28
288 428 22
288 304 19
289 380 47
289 497 17
290 306 18
291 456 37
291 317 30
291 311 40
291 316 25
292 464 40
292 366 13
292 322 27
292 394 47
293 459 31
296 338 37
296 301 43
297 442 19
298 474 49
299 313 41
299 479 39
300 453 15
301 387 25
301 333 32
302 347 49
303 361 49
303 433 27
305 479 21
306 463 30
307 448 40
307 490 12
307 387 46
308 499 25
309 377 23
309 410 35
310 453 36
312 456 25
312 420 32
313 442 42
314 411 41
314 414 39
315 467 11
315 353 48
315 492 42
316 344 34
317 459 49
317 401 33
317 459 17
318 327 13
318 354 46
319 382 20
319 440 24
320 433 45
321 340 38
321 343 30
322 350 22
323 460 12
324 325 23
324 423 15
325 405 17
325 391 34
326 357 20
326 380 23
328 338 31
329 334 43
329 339 14
329 372 12
330 353 21
330 373 31
331 441 48
331 413 33
331 421 10
331 453 19
331 495 39
332 496 24
332 419 14
333 366 28
334 446 29
335 408 26
336 378 28
337 448 25
337 416 41
339 435 30
339 448 40
339 493 38
340 429 22
341 408 10
342 396 22
342 488 34
342 362 27
342 477 49
343 461 25
344 373 15
344 395 22
344 492 13
345 440 21
346 389 46
347 480 15
348 457 49
348 428 15
349 464 31
350 420 35
351 409 35
351 455 38
351 493 18
352 403 13
352 364 42
353 414 40
354 407 20
355 481 44
358 499 30
359 471 34
359 458 16
360 440 16
360 441 45
361 418 40
362 439 25
363 488 32
364 409 44
365 438 49
366 397 17
366 408 15
367 451 34
368 443 24
368 435 14
370 447 12
371 455 18
373 422 35
373 451 20
374 464 13
375 467 36
375 453 10
376 492 36
382 474 17
384 451 42
386 389 46
386 404 35
386 424 30
388 482 37
390 450 22
390 479 47
392 488 46
394 481 49
394 484 30
396 437 30
396 494 34
397 400 20
399 401 49
402 403 33
402 408 37
403 495 16
405 472 29
405 481 33
407 499 14
407 445 45
407 460 28
407 473 29
407 480 49
408 436 26
410 498 17
411 441 20
412 473 44
412 485 45
413 469 27
414 432 26
415 443 41
417 467 49
422 433 31
425 487 45
428 479 10
429 474 22
430 480 13
431 437 12
431 488 43
432 436 42
434 460 35
437 470 30
441 443 35
447 465 43
447 452 30
450 454 38
453 457 23
459 468 23
479 493 28
481 494 32
482 498 18
495 498 23
