0 94 49
0 295 31
1 142 40
1 144 31
1 10 18
1 156 28
1 177 41
1 269 15
1 346 49
1 360 21
2 388 20
2 362 17
2 209 11
2 302 17
3 127 38
3 56 13
3 14 49
3 390 12
4 207 49
4 273 45
4 96 15
4 465 29
5 171 12
5 7 32
6 214 42
6 356 29
6 400 49
6 493 21
7 55 38
7 457 11
7 97 33
7 319 48
7 457 33
8 259 34
8 494 43
8 363 20
9 115 29
9 66 13
9 79 27
9 144 42
9 191 35
9 255 46
9 468 39
10 282 38
10 407 40
11 129 28
11 391 26
11 33 28
12 497 27
12 23 10
13 159 40
13 43 43
13 287 41
13 476 42
14 73 40
14 69 17
14 247 27
15 459 12
15 263 40
16 487 48
16 175 44
16 98 12
17 249 32
17 457 40
17 364 40
17 467 28
18 22 42
18 379 21
18 90 44
18 130 49
18 355 36
19 430 12
19 339 30
19 417 31
20 139 33
20 152 41
20 471 26
21 245 45
21 24 38
21 39 11
21 174 12
21 259 19
22 447 39
22 158 48
22 365 26
23 184 44
23 181 13
23 244 39
24 32 46
24 477 43
24 204 13
24 270 49
24 467 31
25 450 36
25 383 43
25 157 49
25 254 34
25 396 32
25 449 27
26 378 44
26 476 39
26 169 37
26 433 41
27 89 26
27 441 10
27 145 23
28 31 23
28 231 46
28 34 30
28 235 27
29 141 18
29 377 30
29 106 30
30 57 45
30 198 23
30 315 24
30 420 20
30 470 24
31 161 49
31 116 23
32 88 23
32 178 48
33 380 24
33 78 13
33 116 32
33 167 18
33 192 35
34 419 39
34 143 31
35 156 42
35 50 29
35 60 24
35 67 28
35 352 35
35 496 18
36 158 31
36 315 49
36 69 35
36 101 33
36 391 14
37 389 34
37 239 29
37 146 22
37 164 28
37 338 15
38 80 39
38 244 43
38 392 39
38 393 41
38 456 28
38 484 24
39 139 19
39 372 27
40 454 47
40 147 16
40 180 22
40 323 13
41 231 41
41 297 22
41 100 49
41 153 33
41 210 17
41 389 22
41 400 18
42 351 18
42 81 49
42 187 19
42 352 47
43 281 41
43 250 49
43 260 39
43 432 38
44 265 27
44 90 36
44 113 49
44 484 14
45 462 11
45 157 24
45 51 19
45 84 40
45 168 36
45 375 44
46 470 32
46 487 21
46 312 45
46 469 31
47 263 16
47 452 39
47 65 20
47 348 10
48 444 22
48 108 17
49 463 15
49 139 16
49 66 47
49 224 13
50 473 31
50 377 16
50 317 17
50 344 36
50 446 23
51 204 17
51 165 48
51 311 32
51 333 48
51 481 13
52 396 37
52 328 28
52 434 30
52 485 34
53 168 35
53 252 21
53 440 26
54 387 10
54 334 32
54 85 42
55 218 37
55 424 12
55 416 40
55 447 30
56 239 42
56 190 44
56 233 11
56 451 39
57 437 31
57 72 12
57 421 12
58 402 39
58 369 17
58 76 36
58 262 30
59 428 16
59 428 14
59 74 38
59 212 36
59 298 19
60 106 46
61 94 17
61 117 23
61 164 16
62 379 42
62 336 40
62 121 33
62 316 46
63 239 42
63 112 20
63 441 30
63 490 35
64 144 44
64 384 23
64 291 16
64 333 14
65 336 46
65 77 30
66 257 26
66 125 44
66 397 32
66 465 49
66 469 36
67 361 11
67 324 11
68 86 18
68 267 30
68 407 33
68 457 14
68 496 19
69 297 25
70 337 32
70 217 38
70 131 38
70 171 43
71 314 32
71 258 40
71 238 35
72 188 44
72 243 26
72 284 13
72 370 38
73 450 20
73 467 49
73 166 16
73 202 21
74 96 44
74 219 33
75 346 39
75 87 15
75 266 27
75 283 28
76 465 16
76 207 33
77 91 21
78 208 49
78 93 27
78 135 36
78 182 19
78 499 24
79 317 16
79 225 33
80 460 42
80 234 32
81 395 23
81 173 24
81 322 14
81 384 11
82 421 19
82 400 10
82 170 35
82 387 31
83 431 29
83 405 39
83 123 37
84 435 27
84 460 36
84 499 14
85 417 37
85 354 37
86 135 48
86 139 14
86 131 21
86 256 26
87 296 18
87 162 39
87 142 38
87 380 40
88 253 18
88 223 38
88 197 36
88 444 49
89 301 27
89 454 32
90 342 19
90 455 44
91 193 37
91 438 28
91 382 29
92 470 35
92 227 14
93 463 15
94 475 12
94 222 13
94 115 27
94 218 30
94 359 46
95 251 26
95 232 46
95 488 48
96 484 46
96 136 18
96 213 26
96 264 33
96 329 31
96 415 23
96 427 45
97 205 20
97 453 43
98 173 19
99 449 33
99 299 41
99 308 10
99 390 11
100 295 21
101 376 21
101 268 25
101 294 16
101 332 41
102 213 20
102 326 26
102 107 47
102 134 47
102 251 22
103 346 21
103 172 20
103 372 37
103 374 23
104 219 38
104 115 14
104 151 22
105 190 45
105 147 36
106 415 20
107 136 17
107 382 49
107 419 46
108 446 39
108 148 24
109 360 26
109 377 24
109 112 48
109 198 43
109 498 18
110 147 25
110 242 15
110 218 46
110 402 28
111 466 37
111 176 35
111 350 15
112 147 33
112 413 43
112 495 32
113 470 19
113 122 16
113 464 20
114 281 22
114 330 27
114 374 45
114 436 30
115 379 14
115 435 13
116 351 44
116 448 47
117 279 30
117 320 28
117 121 13
117 392 11
117 479 47
118 135 24
118 123 24
119 181 41
119 491 19
119 243 26
119 296 33
119 424 30
119 428 21
120 295 23
120 167 27
120 401 20
120 483 16
121 215 43
121 445 14
122 375 29
123 283 26
124 450 16
124 362 11
124 249 49
124 339 42
124 410 19
125 359 24
125 195 49
126 449 12
126 360 12
126 239 12
126 316 14
127 134 13
127 311 11
128 156 20
128 398 40
129 394 37
129 266 31
129 439 23
129 446 21
130 228 31
130 155 47
130 253 42
131 203 16
131 353 37
132 350 34
132 469 38
132 357 12
132 461 15
132 485 11
133 319 18
133 322 30
134 311 24
135 238 36
135 324 19
136 317 32
136 220 48
136 377 10
137 196 45
137 316 44
137 295 17
138 314 34
138 168 22
138 193 25
138 309 16
138 340 49
138 369 28
139 407 40
139 141 47
139 480 40
140 374 32
140 378 43
140 260 35
141 291 22
141 165 44
141 163 33
141 179 43
142 251 47
143 423 12
143 340 26
144 177 35
144 398 28
145 272 23
146 446 26
146 159 28
146 284 47
146 432 35
147 382 29
147 406 26
147 262 10
148 401 34
148 302 34
148 194 35
149 336 17
149 498 33
150 235 11
150 452 11
150 332 23
150 386 37
150 497 30
151 282 46
152 468 31
152 349 18
152 277 27
152 367 37
152 413 23
153 274 43
153 174 27
154 265 49
154 311 17
155 404 14
155 379 25
155 399 22
156 428 20
156 342 33
157 465 23
157 314 35
157 493 33
158 380 48
158 234 25
158 178 18
158 335 14
159 307 24
160 471 18
160 314 27
160 275 24
160 313 30
161 334 38
161 260 49
161 327 25
161 443 16
161 475 14
162 399 34
162 247 40
162 395 12
162 410 22
162 489 38
163 266 45
163 342 41
165 325 32
165 321 14
166 420 16
166 472 12
167 476 42
167 217 49
167 248 37
167 397 32
168 240 29
168 183 35
168 466 40
168 491 24
169 407 28
169 229 31
170 189 25
170 396 16
171 480 45
172 353 17
172 331 49
172 426 30
173 462 13
173 237 44
175 394 16
175 445 36
176 385 21
176 413 35
176 230 46
176 416 36
177 304 33
177 231 26
178 416 23
178 311 16
178 318 31
179 300 11
180 184 32
181 207 23
181 237 18
181 341 31
182 435 20
182 415 39
183 428 13
183 437 36
184 366 11
184 310 37
184 398 25
185 372 24
185 302 10
185 383 44
186 459 11
186 388 29
187 265 12
188 353 39
188 437 23
188 388 26
189 223 44
189 493 20
189 204 42
190 416 41
190 340 14
191 447 18
191 241 14
192 441 42
192 196 21
192 286 36
193 305 28
194 209 20
194 486 28
195 426 36
196 276 32
196 250 26
196 466 21
197 361 14
197 246 11
197 477 26
198 348 46
198 394 23
198 459 32
199 413 39
199 222 44
200 233 37
200 371 22
200 300 27
200 335 44
201 294 38
201 322 13
201 250 36
201 296 41
202 485 49
202 347 17
202 473 19
203 358 12
204 309 27
204 450 20
205 361 40
205 468 33
205 261 16
205 317 43
206 456 38
206 379 19
206 287 28
207 378 43
207 406 25
208 412 49
208 335 17
208 245 37
208 295 36
208 307 23
208 414 43
209 328 27
210 253 21
210 236 37
210 492 12
211 450 34
211 237 36
211 232 30
211 412 32
211 475 36
212 291 11
212 460 17
213 328 49
213 255 31
213 320 39
214 280 37
214 358 48
214 235 11
214 258 39
214 477 36
215 281 24
215 351 33
215 365 47
215 376 24
215 421 10
216 233 19
216 252 43
216 376 35
216 452 49
217 318 44
219 304 29
219 326 12
220 477 35
220 442 27
221 477 34
221 294 47
221 246 34
222 412 42
222 267 43
222 274 19
222 308 26
222 434 10
223 438 10
223 238 14
224 437 38
225 449 34
225 461 39
226 376 40
226 291 10
226 292 23
226 299 43
226 351 27
226 437 32
227 389 36
227 396 17
228 231 34
228 377 30
229 469 21
229 265 48
230 426 44
230 378 10
231 490 48
231 271 25
231 371 33
232 298 11
232 285 40
233 384 48
233 349 47
234 420 38
234 293 31
234 337 42
234 483 43
235 482 13
236 278 27
236 301 27
237 429 49
237 480 35
237 417 39
238 316 48
239 275 28
239 307 34
240 342 44
240 351 28
240 430 23
241 452 37
241 368 31
241 474 21
242 255 47
242 385 31
243 378 16
244 255 22
244 354 47
245 409 26
245 349 46
245 422 46
246 269 42
247 395 27
247 288 30
247 302 35
247 348 10
248 423 15
249 451 10
251 435 48
252 353 32
252 430 24
253 290 29
253 378 11
253 472 22
254 355 30
254 482 38
255 462 16
256 363 21
256 497 41
257 387 16
257 443 45
258 354 26
258 451 47
259 287 24
259 327 16
260 286 25
260 463 19
261 261 21
261 261 21
262 272 39
262 281 27
262 331 38
262 425 30
263 282 17
263 348 10
263 403 23
264 283 25
265 271 13
266 392 38
266 279 49
267 338 21
267 322 11
267 357 22
268 407 32
268 387 47
268 429 41
269 292 30
270 457 48
270 391 35
271 479 35
271 310 49
272 368 44
273 445 35
273 384 42
273 443 38
273 458 34
274 320 30
275 442 31
275 315 36
275 458 19
276 309 19
276 476 17
277 313 19
277 322 12
277 330 14
277 343 24
278 388 39
278 348 49
278 323 17
279 294 24
279 363 16
280 445 39
280 435 20
280 305 33
281 294 22
282 301 24
282 429 43
282 426 49
283 429 21
283 306 23
285 427 22
285 360 32
286 356 45
287 438 44
288 394 32
289 472 38
289 411 15
290 443 30
290 439 42
291 462 46
291 489 19
292 303 22
292 362 12
293 463 43
293 325 33
294 428 39
294 326 25
296 405 20
297 392 22
297 449 30
298 305 38
298 487 49
299 357 37
299 464 10
300 334 33
301 372 26
301 427 44
303 466 21
304 375 38
304 354 17
305 454 27
306 306 31
306 306 31
306 383 46
309 344 16
310 396 45
310 418 31
311 424 18
312 382 35
312 423 42
313 452 46
314 366 49
316 319 21
316 486 13
318 441 19
318 361 43
318 439 34
320 356 15
321 406 48
321 334 41
321 419 40
323 345 15
323 453 16
324 330 49
324 346 35
324 448 34
324 468 46
325 460 11
325 494 48
326 418 19
326 478 22
327 495 35
328 484 36
328 484 32
329 366 23
330 345 16
330 440 22
331 383 19
331 414 41
331 471 23
334 432 12
334 408 41
336 412 45
336 426 39
337 496 14
338 443 14
339 386 15
339 389 18
340 368 39
341 418 43
343 400 39
347 492 20
348 463 16
350 408 11
353 414 15
355 416 27
355 436 32
355 498 34
356 397 49
358 395 40
358 429 20
358 445 38
359 487 46
360 404 24
361 388 14
362 402 32
363 491 14
364 486 18
365 429 14
366 366 14
366 366 14
366 379 22
366 435 16
366 494 43
367 448 19
368 406 28
368 480 43
369 454 20
370 444 42
371 430 39
373 435 16
373 394 12
373 384 31
375 492 25
377 396 32
377 450 27
378 455 41
379 382 40
380 483 44
380 381 31
381 424 13
385 423 27
385 442 15
386 467 27
387 476 29
387 487 23
388 475 17
388 462 46
390 430 35
393 466 18
393 409 11
394 458 15
395 487 28
396 428 38
399 411 43
399 409 24
399 411 15
400 474 40
401 440 42
401 456 45
402 495 19
402 405 22
403 488 28
404 432 29
404 454 48
404 470 40
405 423 11
408 499 44
408 452 27
410 425 48
410 492 14
411 478 21
412 491 49
418 420 14
419 433 30
422 433 49
423 473 28
424 488 36
428 441 18
431 434 45
431 457 15
438 463 11
440 454 28
442 480 45
443 481 14
444 461 37
446 447 37
454 459 23
478 480 31
479 485 25
490 497 33
493 494 24
